143None
|------ 138(0, 0)
|	|------ 141(0, 1)
|	|	|------ 132(0, 2)
|	|	|------ 130(0, 3)
|	|	|------ 130(0, 4)
|	|	|------ 132(0, 5)
|	|	|------ 132(0, 6)
|	|	|------ 132(0, 7)
|	|	|------ 134(1, 0)
|	|	|------ 136(1, 1)
|	|	|------ 134(1, 2)
|	|	|------ 132(1, 3)
|	|	|------ 132(1, 4)
|	|	|------ 136(1, 5)
|	|	|------ 141(1, 7)
|	|------ 143(0, 2)
|	|	|------ 134(0, 1)
|	|	|------ 134(0, 3)
|	|	|------ 132(0, 4)
|	|	|------ 134(0, 5)
|	|	|------ 134(0, 6)
|	|	|------ 134(0, 7)
|	|	|------ 132(1, 0)
|	|	|------ 136(1, 1)
|	|	|------ 136(1, 2)
|	|	|------ 136(1, 3)
|	|	|------ 134(1, 4)
|	|	|------ 138(1, 5)
|	|	|------ 143(1, 7)
|	|------ 143(0, 3)
|	|	|------ 132(0, 1)
|	|	|------ 134(0, 2)
|	|	|------ 134(0, 4)
|	|	|------ 134(0, 5)
|	|	|------ 134(0, 6)
|	|	|------ 134(0, 7)
|	|	|------ 132(1, 0)
|	|	|------ 134(1, 1)
|	|	|------ 136(1, 2)
|	|	|------ 136(1, 3)
|	|	|------ 136(1, 4)
|	|	|------ 138(1, 5)
|	|	|------ 143(1, 7)
|	|------ 143(0, 4)
|	|	|------ 132(0, 1)
|	|	|------ 132(0, 2)
|	|	|------ 134(0, 3)
|	|	|------ 136(0, 5)
|	|	|------ 134(0, 6)
|	|	|------ 134(0, 7)
|	|	|------ 132(1, 0)
|	|	|------ 134(1, 1)
|	|	|------ 134(1, 2)
|	|	|------ 136(1, 3)
|	|	|------ 136(1, 4)
|	|	|------ 140(1, 5)
|	|	|------ 143(1, 7)
|	|------ 143(0, 5)
|	|	|------ 132(0, 1)
|	|	|------ 132(0, 2)
|	|	|------ 132(0, 3)
|	|	|------ 134(0, 4)
|	|	|------ 136(0, 6)
|	|	|------ 134(0, 7)
|	|	|------ 132(1, 0)
|	|	|------ 134(1, 1)
|	|	|------ 134(1, 2)
|	|	|------ 134(1, 3)
|	|	|------ 136(1, 4)
|	|	|------ 140(1, 5)
|	|	|------ 143(1, 7)
|	|------ 145(0, 6)
|	|	|------ 132(0, 1)
|	|	|------ 132(0, 2)
|	|	|------ 132(0, 3)
|	|	|------ 132(0, 4)
|	|	|------ 136(0, 5)
|	|	|------ 136(0, 7)
|	|	|------ 132(1, 0)
|	|	|------ 134(1, 1)
|	|	|------ 134(1, 2)
|	|	|------ 134(1, 3)
|	|	|------ 134(1, 4)
|	|	|------ 140(1, 5)
|	|	|------ 145(1, 7)
|	|------ 145(0, 7)
|	|	|------ 132(0, 1)
|	|	|------ 132(0, 2)
|	|	|------ 132(0, 3)
|	|	|------ 132(0, 4)
|	|	|------ 134(0, 5)
|	|	|------ 136(0, 6)
|	|	|------ 132(1, 0)
|	|	|------ 134(1, 1)
|	|	|------ 134(1, 2)
|	|	|------ 134(1, 3)
|	|	|------ 134(1, 4)
|	|	|------ 138(1, 5)
|	|	|------ 145(1, 7)
|	|------ 141(1, 0)
|	|	|------ 130(0, 1)
|	|	|------ 126(0, 2)
|	|	|------ 126(0, 3)
|	|	|------ 126(0, 4)
|	|	|------ 128(0, 5)
|	|	|------ 128(0, 6)
|	|	|------ 128(0, 7)
|	|	|------ 141(1, 1)
|	|	|------ 130(1, 2)
|	|	|------ 128(1, 3)
|	|	|------ 128(1, 4)
|	|	|------ 132(1, 5)
|	|	|------ 137(1, 7)
|	|------ 139(1, 1)
|	|	|------ 130(0, 1)
|	|	|------ 128(0, 2)
|	|	|------ 126(0, 3)
|	|	|------ 126(0, 4)
|	|	|------ 128(0, 5)
|	|	|------ 128(0, 6)
|	|	|------ 128(0, 7)
|	|	|------ 139(1, 0)
|	|	|------ 132(1, 2)
|	|	|------ 128(1, 3)
|	|	|------ 128(1, 4)
|	|	|------ 132(1, 5)
|	|	|------ 137(1, 7)
|	|------ 139(1, 2)
|	|	|------ 130(0, 1)
|	|	|------ 130(0, 2)
|	|	|------ 130(0, 3)
|	|	|------ 128(0, 4)
|	|	|------ 130(0, 5)
|	|	|------ 130(0, 6)
|	|	|------ 130(0, 7)
|	|	|------ 130(1, 0)
|	|	|------ 134(1, 1)
|	|	|------ 134(1, 3)
|	|	|------ 132(1, 4)
|	|	|------ 134(1, 5)
|	|	|------ 139(1, 7)
|	|------ 139(1, 3)
|	|	|------ 128(0, 1)
|	|	|------ 130(0, 2)
|	|	|------ 130(0, 3)
|	|	|------ 130(0, 4)
|	|	|------ 130(0, 5)
|	|	|------ 130(0, 6)
|	|	|------ 130(0, 7)
|	|	|------ 128(1, 0)
|	|	|------ 130(1, 1)
|	|	|------ 134(1, 2)
|	|	|------ 136(1, 4)
|	|	|------ 136(1, 5)
|	|	|------ 139(1, 7)
|	|------ 143(1, 4)
|	|	|------ 128(0, 1)
|	|	|------ 128(0, 2)
|	|	|------ 130(0, 3)
|	|	|------ 130(0, 4)
|	|	|------ 132(0, 5)
|	|	|------ 130(0, 6)
|	|	|------ 130(0, 7)
|	|	|------ 128(1, 0)
|	|	|------ 130(1, 1)
|	|	|------ 132(1, 2)
|	|	|------ 136(1, 3)
|	|	|------ 143(1, 5)
|	|	|------ 139(1, 7)
|	|------ 146(1, 5)
|	|	|------ 130(0, 1)
|	|	|------ 130(0, 2)
|	|	|------ 130(0, 3)
|	|	|------ 132(0, 4)
|	|	|------ 134(0, 5)
|	|	|------ 134(0, 6)
|	|	|------ 132(0, 7)
|	|	|------ 130(1, 0)
|	|	|------ 132(1, 1)
|	|	|------ 132(1, 2)
|	|	|------ 134(1, 3)
|	|	|------ 141(1, 4)
|	|	|------ 146(1, 7)
|	|------ 138(1, 7)
|	|	|------ 127(0, 1)
|	|	|------ 127(0, 2)
|	|	|------ 127(0, 3)
|	|	|------ 127(0, 4)
|	|	|------ 129(0, 5)
|	|	|------ 131(0, 6)
|	|	|------ 131(0, 7)
|	|	|------ 127(1, 0)
|	|	|------ 129(1, 1)
|	|	|------ 129(1, 2)
|	|	|------ 129(1, 3)
|	|	|------ 129(1, 4)
|	|	|------ 138(1, 5)
|------ 137(0, 1)
|	|------ 141(0, 0)
|	|	|------ 132(0, 2)
|	|	|------ 130(0, 3)
|	|	|------ 130(0, 4)
|	|	|------ 132(0, 5)
|	|	|------ 132(0, 6)
|	|	|------ 132(0, 7)
|	|	|------ 134(1, 0)
|	|	|------ 136(1, 1)
|	|	|------ 134(1, 2)
|	|	|------ 132(1, 3)
|	|	|------ 132(1, 4)
|	|	|------ 136(1, 5)
|	|	|------ 141(1, 7)
|	|------ 141(0, 2)
|	|	|------ 132(0, 0)
|	|	|------ 132(0, 3)
|	|	|------ 130(0, 4)
|	|	|------ 132(0, 5)
|	|	|------ 132(0, 6)
|	|	|------ 132(0, 7)
|	|	|------ 132(1, 0)
|	|	|------ 136(1, 1)
|	|	|------ 136(1, 2)
|	|	|------ 134(1, 3)
|	|	|------ 132(1, 4)
|	|	|------ 136(1, 5)
|	|	|------ 141(1, 7)
|	|------ 143(0, 3)
|	|	|------ 132(0, 0)
|	|	|------ 134(0, 2)
|	|	|------ 134(0, 4)
|	|	|------ 134(0, 5)
|	|	|------ 134(0, 6)
|	|	|------ 134(0, 7)
|	|	|------ 132(1, 0)
|	|	|------ 134(1, 1)
|	|	|------ 136(1, 2)
|	|	|------ 136(1, 3)
|	|	|------ 136(1, 4)
|	|	|------ 138(1, 5)
|	|	|------ 143(1, 7)
|	|------ 143(0, 4)
|	|	|------ 132(0, 0)
|	|	|------ 132(0, 2)
|	|	|------ 134(0, 3)
|	|	|------ 136(0, 5)
|	|	|------ 134(0, 6)
|	|	|------ 134(0, 7)
|	|	|------ 132(1, 0)
|	|	|------ 134(1, 1)
|	|	|------ 134(1, 2)
|	|	|------ 136(1, 3)
|	|	|------ 136(1, 4)
|	|	|------ 140(1, 5)
|	|	|------ 143(1, 7)
|	|------ 143(0, 5)
|	|	|------ 132(0, 0)
|	|	|------ 132(0, 2)
|	|	|------ 132(0, 3)
|	|	|------ 134(0, 4)
|	|	|------ 136(0, 6)
|	|	|------ 134(0, 7)
|	|	|------ 132(1, 0)
|	|	|------ 134(1, 1)
|	|	|------ 134(1, 2)
|	|	|------ 134(1, 3)
|	|	|------ 136(1, 4)
|	|	|------ 140(1, 5)
|	|	|------ 143(1, 7)
|	|------ 145(0, 6)
|	|	|------ 132(0, 0)
|	|	|------ 132(0, 2)
|	|	|------ 132(0, 3)
|	|	|------ 132(0, 4)
|	|	|------ 136(0, 5)
|	|	|------ 136(0, 7)
|	|	|------ 132(1, 0)
|	|	|------ 134(1, 1)
|	|	|------ 134(1, 2)
|	|	|------ 134(1, 3)
|	|	|------ 134(1, 4)
|	|	|------ 140(1, 5)
|	|	|------ 145(1, 7)
|	|------ 145(0, 7)
|	|	|------ 132(0, 0)
|	|	|------ 132(0, 2)
|	|	|------ 132(0, 3)
|	|	|------ 132(0, 4)
|	|	|------ 134(0, 5)
|	|	|------ 136(0, 6)
|	|	|------ 132(1, 0)
|	|	|------ 134(1, 1)
|	|	|------ 134(1, 2)
|	|	|------ 134(1, 3)
|	|	|------ 134(1, 4)
|	|	|------ 138(1, 5)
|	|	|------ 145(1, 7)
|	|------ 141(1, 0)
|	|	|------ 130(0, 0)
|	|	|------ 128(0, 2)
|	|	|------ 126(0, 3)
|	|	|------ 126(0, 4)
|	|	|------ 128(0, 5)
|	|	|------ 128(0, 6)
|	|	|------ 128(0, 7)
|	|	|------ 141(1, 1)
|	|	|------ 132(1, 2)
|	|	|------ 128(1, 3)
|	|	|------ 128(1, 4)
|	|	|------ 132(1, 5)
|	|	|------ 137(1, 7)
|	|------ 139(1, 1)
|	|	|------ 130(0, 0)
|	|	|------ 130(0, 2)
|	|	|------ 126(0, 3)
|	|	|------ 126(0, 4)
|	|	|------ 128(0, 5)
|	|	|------ 128(0, 6)
|	|	|------ 128(0, 7)
|	|	|------ 139(1, 0)
|	|	|------ 134(1, 2)
|	|	|------ 128(1, 3)
|	|	|------ 128(1, 4)
|	|	|------ 132(1, 5)
|	|	|------ 137(1, 7)
|	|------ 137(1, 2)
|	|	|------ 128(0, 0)
|	|	|------ 130(0, 2)
|	|	|------ 128(0, 3)
|	|	|------ 126(0, 4)
|	|	|------ 128(0, 5)
|	|	|------ 128(0, 6)
|	|	|------ 128(0, 7)
|	|	|------ 130(1, 0)
|	|	|------ 134(1, 1)
|	|	|------ 132(1, 3)
|	|	|------ 130(1, 4)
|	|	|------ 132(1, 5)
|	|	|------ 137(1, 7)
|	|------ 139(1, 3)
|	|	|------ 128(0, 0)
|	|	|------ 130(0, 2)
|	|	|------ 130(0, 3)
|	|	|------ 130(0, 4)
|	|	|------ 130(0, 5)
|	|	|------ 130(0, 6)
|	|	|------ 130(0, 7)
|	|	|------ 128(1, 0)
|	|	|------ 130(1, 1)
|	|	|------ 134(1, 2)
|	|	|------ 136(1, 4)
|	|	|------ 136(1, 5)
|	|	|------ 139(1, 7)
|	|------ 143(1, 4)
|	|	|------ 128(0, 0)
|	|	|------ 128(0, 2)
|	|	|------ 130(0, 3)
|	|	|------ 130(0, 4)
|	|	|------ 132(0, 5)
|	|	|------ 130(0, 6)
|	|	|------ 130(0, 7)
|	|	|------ 128(1, 0)
|	|	|------ 130(1, 1)
|	|	|------ 132(1, 2)
|	|	|------ 136(1, 3)
|	|	|------ 143(1, 5)
|	|	|------ 139(1, 7)
|	|------ 146(1, 5)
|	|	|------ 130(0, 0)
|	|	|------ 130(0, 2)
|	|	|------ 130(0, 3)
|	|	|------ 132(0, 4)
|	|	|------ 134(0, 5)
|	|	|------ 134(0, 6)
|	|	|------ 132(0, 7)
|	|	|------ 130(1, 0)
|	|	|------ 132(1, 1)
|	|	|------ 132(1, 2)
|	|	|------ 134(1, 3)
|	|	|------ 141(1, 4)
|	|	|------ 146(1, 7)
|	|------ 138(1, 7)
|	|	|------ 127(0, 0)
|	|	|------ 127(0, 2)
|	|	|------ 127(0, 3)
|	|	|------ 127(0, 4)
|	|	|------ 129(0, 5)
|	|	|------ 131(0, 6)
|	|	|------ 131(0, 7)
|	|	|------ 127(1, 0)
|	|	|------ 129(1, 1)
|	|	|------ 129(1, 2)
|	|	|------ 129(1, 3)
|	|	|------ 129(1, 4)
|	|	|------ 138(1, 5)
|------ 137(0, 2)
|	|------ 143(0, 0)
|	|	|------ 134(0, 1)
|	|	|------ 132(0, 3)
|	|	|------ 132(0, 4)
|	|	|------ 134(0, 5)
|	|	|------ 134(0, 6)
|	|	|------ 134(0, 7)
|	|	|------ 134(1, 0)
|	|	|------ 136(1, 1)
|	|	|------ 134(1, 2)
|	|	|------ 134(1, 3)
|	|	|------ 134(1, 4)
|	|	|------ 138(1, 5)
|	|	|------ 143(1, 7)
|	|------ 141(0, 1)
|	|	|------ 132(0, 0)
|	|	|------ 132(0, 3)
|	|	|------ 130(0, 4)
|	|	|------ 132(0, 5)
|	|	|------ 132(0, 6)
|	|	|------ 132(0, 7)
|	|	|------ 132(1, 0)
|	|	|------ 136(1, 1)
|	|	|------ 136(1, 2)
|	|	|------ 134(1, 3)
|	|	|------ 132(1, 4)
|	|	|------ 136(1, 5)
|	|	|------ 141(1, 7)
|	|------ 141(0, 3)
|	|	|------ 130(0, 0)
|	|	|------ 132(0, 1)
|	|	|------ 132(0, 4)
|	|	|------ 132(0, 5)
|	|	|------ 132(0, 6)
|	|	|------ 132(0, 7)
|	|	|------ 130(1, 0)
|	|	|------ 134(1, 1)
|	|	|------ 136(1, 2)
|	|	|------ 136(1, 3)
|	|	|------ 134(1, 4)
|	|	|------ 136(1, 5)
|	|	|------ 141(1, 7)
|	|------ 143(0, 4)
|	|	|------ 132(0, 0)
|	|	|------ 132(0, 1)
|	|	|------ 134(0, 3)
|	|	|------ 136(0, 5)
|	|	|------ 134(0, 6)
|	|	|------ 134(0, 7)
|	|	|------ 132(1, 0)
|	|	|------ 134(1, 1)
|	|	|------ 134(1, 2)
|	|	|------ 136(1, 3)
|	|	|------ 136(1, 4)
|	|	|------ 140(1, 5)
|	|	|------ 143(1, 7)
|	|------ 143(0, 5)
|	|	|------ 132(0, 0)
|	|	|------ 132(0, 1)
|	|	|------ 132(0, 3)
|	|	|------ 134(0, 4)
|	|	|------ 136(0, 6)
|	|	|------ 134(0, 7)
|	|	|------ 132(1, 0)
|	|	|------ 134(1, 1)
|	|	|------ 134(1, 2)
|	|	|------ 134(1, 3)
|	|	|------ 136(1, 4)
|	|	|------ 140(1, 5)
|	|	|------ 143(1, 7)
|	|------ 145(0, 6)
|	|	|------ 132(0, 0)
|	|	|------ 132(0, 1)
|	|	|------ 132(0, 3)
|	|	|------ 132(0, 4)
|	|	|------ 136(0, 5)
|	|	|------ 136(0, 7)
|	|	|------ 132(1, 0)
|	|	|------ 134(1, 1)
|	|	|------ 134(1, 2)
|	|	|------ 134(1, 3)
|	|	|------ 134(1, 4)
|	|	|------ 140(1, 5)
|	|	|------ 145(1, 7)
|	|------ 145(0, 7)
|	|	|------ 132(0, 0)
|	|	|------ 132(0, 1)
|	|	|------ 132(0, 3)
|	|	|------ 132(0, 4)
|	|	|------ 134(0, 5)
|	|	|------ 136(0, 6)
|	|	|------ 132(1, 0)
|	|	|------ 134(1, 1)
|	|	|------ 134(1, 2)
|	|	|------ 134(1, 3)
|	|	|------ 134(1, 4)
|	|	|------ 138(1, 5)
|	|	|------ 145(1, 7)
|	|------ 141(1, 0)
|	|	|------ 130(0, 0)
|	|	|------ 130(0, 1)
|	|	|------ 128(0, 3)
|	|	|------ 128(0, 4)
|	|	|------ 130(0, 5)
|	|	|------ 130(0, 6)
|	|	|------ 130(0, 7)
|	|	|------ 141(1, 1)
|	|	|------ 132(1, 2)
|	|	|------ 130(1, 3)
|	|	|------ 130(1, 4)
|	|	|------ 134(1, 5)
|	|	|------ 139(1, 7)
|	|------ 137(1, 1)
|	|	|------ 128(0, 0)
|	|	|------ 130(0, 1)
|	|	|------ 128(0, 3)
|	|	|------ 126(0, 4)
|	|	|------ 128(0, 5)
|	|	|------ 128(0, 6)
|	|	|------ 128(0, 7)
|	|	|------ 137(1, 0)
|	|	|------ 134(1, 2)
|	|	|------ 130(1, 3)
|	|	|------ 128(1, 4)
|	|	|------ 132(1, 5)
|	|	|------ 137(1, 7)
|	|------ 137(1, 2)
|	|	|------ 126(0, 0)
|	|	|------ 130(0, 1)
|	|	|------ 130(0, 3)
|	|	|------ 126(0, 4)
|	|	|------ 128(0, 5)
|	|	|------ 128(0, 6)
|	|	|------ 128(0, 7)
|	|	|------ 128(1, 0)
|	|	|------ 134(1, 1)
|	|	|------ 134(1, 3)
|	|	|------ 130(1, 4)
|	|	|------ 132(1, 5)
|	|	|------ 137(1, 7)
|	|------ 137(1, 3)
|	|	|------ 126(0, 0)
|	|	|------ 128(0, 1)
|	|	|------ 130(0, 3)
|	|	|------ 128(0, 4)
|	|	|------ 128(0, 5)
|	|	|------ 128(0, 6)
|	|	|------ 128(0, 7)
|	|	|------ 126(1, 0)
|	|	|------ 130(1, 1)
|	|	|------ 134(1, 2)
|	|	|------ 134(1, 4)
|	|	|------ 134(1, 5)
|	|	|------ 137(1, 7)
|	|------ 143(1, 4)
|	|	|------ 128(0, 0)
|	|	|------ 128(0, 1)
|	|	|------ 130(0, 3)
|	|	|------ 130(0, 4)
|	|	|------ 132(0, 5)
|	|	|------ 130(0, 6)
|	|	|------ 130(0, 7)
|	|	|------ 128(1, 0)
|	|	|------ 130(1, 1)
|	|	|------ 132(1, 2)
|	|	|------ 136(1, 3)
|	|	|------ 143(1, 5)
|	|	|------ 139(1, 7)
|	|------ 146(1, 5)
|	|	|------ 130(0, 0)
|	|	|------ 130(0, 1)
|	|	|------ 130(0, 3)
|	|	|------ 132(0, 4)
|	|	|------ 134(0, 5)
|	|	|------ 134(0, 6)
|	|	|------ 132(0, 7)
|	|	|------ 130(1, 0)
|	|	|------ 132(1, 1)
|	|	|------ 132(1, 2)
|	|	|------ 134(1, 3)
|	|	|------ 141(1, 4)
|	|	|------ 146(1, 7)
|	|------ 138(1, 7)
|	|	|------ 127(0, 0)
|	|	|------ 127(0, 1)
|	|	|------ 127(0, 3)
|	|	|------ 127(0, 4)
|	|	|------ 129(0, 5)
|	|	|------ 131(0, 6)
|	|	|------ 131(0, 7)
|	|	|------ 127(1, 0)
|	|	|------ 129(1, 1)
|	|	|------ 129(1, 2)
|	|	|------ 129(1, 3)
|	|	|------ 129(1, 4)
|	|	|------ 138(1, 5)
|------ 137(0, 3)
|	|------ 143(0, 0)
|	|	|------ 134(0, 1)
|	|	|------ 132(0, 2)
|	|	|------ 132(0, 4)
|	|	|------ 134(0, 5)
|	|	|------ 134(0, 6)
|	|	|------ 134(0, 7)
|	|	|------ 134(1, 0)
|	|	|------ 136(1, 1)
|	|	|------ 134(1, 2)
|	|	|------ 134(1, 3)
|	|	|------ 134(1, 4)
|	|	|------ 138(1, 5)
|	|	|------ 143(1, 7)
|	|------ 143(0, 1)
|	|	|------ 134(0, 0)
|	|	|------ 134(0, 2)
|	|	|------ 132(0, 4)
|	|	|------ 134(0, 5)
|	|	|------ 134(0, 6)
|	|	|------ 134(0, 7)
|	|	|------ 134(1, 0)
|	|	|------ 136(1, 1)
|	|	|------ 136(1, 2)
|	|	|------ 134(1, 3)
|	|	|------ 134(1, 4)
|	|	|------ 138(1, 5)
|	|	|------ 143(1, 7)
|	|------ 141(0, 2)
|	|	|------ 130(0, 0)
|	|	|------ 132(0, 1)
|	|	|------ 132(0, 4)
|	|	|------ 132(0, 5)
|	|	|------ 132(0, 6)
|	|	|------ 132(0, 7)
|	|	|------ 130(1, 0)
|	|	|------ 134(1, 1)
|	|	|------ 136(1, 2)
|	|	|------ 136(1, 3)
|	|	|------ 134(1, 4)
|	|	|------ 136(1, 5)
|	|	|------ 141(1, 7)
|	|------ 141(0, 4)
|	|	|------ 130(0, 0)
|	|	|------ 130(0, 1)
|	|	|------ 132(0, 2)
|	|	|------ 134(0, 5)
|	|	|------ 132(0, 6)
|	|	|------ 132(0, 7)
|	|	|------ 130(1, 0)
|	|	|------ 132(1, 1)
|	|	|------ 134(1, 2)
|	|	|------ 136(1, 3)
|	|	|------ 136(1, 4)
|	|	|------ 138(1, 5)
|	|	|------ 141(1, 7)
|	|------ 143(0, 5)
|	|	|------ 132(0, 0)
|	|	|------ 132(0, 1)
|	|	|------ 132(0, 2)
|	|	|------ 134(0, 4)
|	|	|------ 136(0, 6)
|	|	|------ 134(0, 7)
|	|	|------ 132(1, 0)
|	|	|------ 134(1, 1)
|	|	|------ 134(1, 2)
|	|	|------ 134(1, 3)
|	|	|------ 136(1, 4)
|	|	|------ 140(1, 5)
|	|	|------ 143(1, 7)
|	|------ 145(0, 6)
|	|	|------ 132(0, 0)
|	|	|------ 132(0, 1)
|	|	|------ 132(0, 2)
|	|	|------ 132(0, 4)
|	|	|------ 136(0, 5)
|	|	|------ 136(0, 7)
|	|	|------ 132(1, 0)
|	|	|------ 134(1, 1)
|	|	|------ 134(1, 2)
|	|	|------ 134(1, 3)
|	|	|------ 134(1, 4)
|	|	|------ 140(1, 5)
|	|	|------ 145(1, 7)
|	|------ 145(0, 7)
|	|	|------ 132(0, 0)
|	|	|------ 132(0, 1)
|	|	|------ 132(0, 2)
|	|	|------ 132(0, 4)
|	|	|------ 134(0, 5)
|	|	|------ 136(0, 6)
|	|	|------ 132(1, 0)
|	|	|------ 134(1, 1)
|	|	|------ 134(1, 2)
|	|	|------ 134(1, 3)
|	|	|------ 134(1, 4)
|	|	|------ 138(1, 5)
|	|	|------ 145(1, 7)
|	|------ 141(1, 0)
|	|	|------ 130(0, 0)
|	|	|------ 130(0, 1)
|	|	|------ 128(0, 2)
|	|	|------ 128(0, 4)
|	|	|------ 130(0, 5)
|	|	|------ 130(0, 6)
|	|	|------ 130(0, 7)
|	|	|------ 141(1, 1)
|	|	|------ 132(1, 2)
|	|	|------ 130(1, 3)
|	|	|------ 130(1, 4)
|	|	|------ 134(1, 5)
|	|	|------ 139(1, 7)
|	|------ 139(1, 1)
|	|	|------ 130(0, 0)
|	|	|------ 130(0, 1)
|	|	|------ 130(0, 2)
|	|	|------ 128(0, 4)
|	|	|------ 130(0, 5)
|	|	|------ 130(0, 6)
|	|	|------ 130(0, 7)
|	|	|------ 139(1, 0)
|	|	|------ 134(1, 2)
|	|	|------ 130(1, 3)
|	|	|------ 130(1, 4)
|	|	|------ 134(1, 5)
|	|	|------ 139(1, 7)
|	|------ 137(1, 2)
|	|	|------ 126(0, 0)
|	|	|------ 128(0, 1)
|	|	|------ 130(0, 2)
|	|	|------ 128(0, 4)
|	|	|------ 128(0, 5)
|	|	|------ 128(0, 6)
|	|	|------ 128(0, 7)
|	|	|------ 128(1, 0)
|	|	|------ 132(1, 1)
|	|	|------ 134(1, 3)
|	|	|------ 132(1, 4)
|	|	|------ 132(1, 5)
|	|	|------ 137(1, 7)
|	|------ 137(1, 3)
|	|	|------ 126(0, 0)
|	|	|------ 126(0, 1)
|	|	|------ 130(0, 2)
|	|	|------ 130(0, 4)
|	|	|------ 128(0, 5)
|	|	|------ 128(0, 6)
|	|	|------ 128(0, 7)
|	|	|------ 126(1, 0)
|	|	|------ 128(1, 1)
|	|	|------ 134(1, 2)
|	|	|------ 136(1, 4)
|	|	|------ 134(1, 5)
|	|	|------ 137(1, 7)
|	|------ 141(1, 4)
|	|	|------ 126(0, 0)
|	|	|------ 126(0, 1)
|	|	|------ 128(0, 2)
|	|	|------ 130(0, 4)
|	|	|------ 130(0, 5)
|	|	|------ 128(0, 6)
|	|	|------ 128(0, 7)
|	|	|------ 126(1, 0)
|	|	|------ 128(1, 1)
|	|	|------ 132(1, 2)
|	|	|------ 136(1, 3)
|	|	|------ 141(1, 5)
|	|	|------ 137(1, 7)
|	|------ 146(1, 5)
|	|	|------ 130(0, 0)
|	|	|------ 130(0, 1)
|	|	|------ 130(0, 2)
|	|	|------ 132(0, 4)
|	|	|------ 134(0, 5)
|	|	|------ 134(0, 6)
|	|	|------ 132(0, 7)
|	|	|------ 130(1, 0)
|	|	|------ 132(1, 1)
|	|	|------ 132(1, 2)
|	|	|------ 134(1, 3)
|	|	|------ 141(1, 4)
|	|	|------ 146(1, 7)
|	|------ 138(1, 7)
|	|	|------ 127(0, 0)
|	|	|------ 127(0, 1)
|	|	|------ 127(0, 2)
|	|	|------ 127(0, 4)
|	|	|------ 129(0, 5)
|	|	|------ 131(0, 6)
|	|	|------ 131(0, 7)
|	|	|------ 127(1, 0)
|	|	|------ 129(1, 1)
|	|	|------ 129(1, 2)
|	|	|------ 129(1, 3)
|	|	|------ 129(1, 4)
|	|	|------ 138(1, 5)
|------ 137(0, 4)
|	|------ 143(0, 0)
|	|	|------ 134(0, 1)
|	|	|------ 132(0, 2)
|	|	|------ 132(0, 3)
|	|	|------ 134(0, 5)
|	|	|------ 134(0, 6)
|	|	|------ 134(0, 7)
|	|	|------ 134(1, 0)
|	|	|------ 136(1, 1)
|	|	|------ 134(1, 2)
|	|	|------ 134(1, 3)
|	|	|------ 134(1, 4)
|	|	|------ 138(1, 5)
|	|	|------ 143(1, 7)
|	|------ 143(0, 1)
|	|	|------ 134(0, 0)
|	|	|------ 134(0, 2)
|	|	|------ 132(0, 3)
|	|	|------ 134(0, 5)
|	|	|------ 134(0, 6)
|	|	|------ 134(0, 7)
|	|	|------ 134(1, 0)
|	|	|------ 136(1, 1)
|	|	|------ 136(1, 2)
|	|	|------ 134(1, 3)
|	|	|------ 134(1, 4)
|	|	|------ 138(1, 5)
|	|	|------ 143(1, 7)
|	|------ 143(0, 2)
|	|	|------ 132(0, 0)
|	|	|------ 134(0, 1)
|	|	|------ 134(0, 3)
|	|	|------ 134(0, 5)
|	|	|------ 134(0, 6)
|	|	|------ 134(0, 7)
|	|	|------ 132(1, 0)
|	|	|------ 136(1, 1)
|	|	|------ 136(1, 2)
|	|	|------ 136(1, 3)
|	|	|------ 134(1, 4)
|	|	|------ 138(1, 5)
|	|	|------ 143(1, 7)
|	|------ 141(0, 3)
|	|	|------ 130(0, 0)
|	|	|------ 130(0, 1)
|	|	|------ 132(0, 2)
|	|	|------ 134(0, 5)
|	|	|------ 132(0, 6)
|	|	|------ 132(0, 7)
|	|	|------ 130(1, 0)
|	|	|------ 132(1, 1)
|	|	|------ 134(1, 2)
|	|	|------ 136(1, 3)
|	|	|------ 136(1, 4)
|	|	|------ 138(1, 5)
|	|	|------ 141(1, 7)
|	|------ 141(0, 5)
|	|	|------ 130(0, 0)
|	|	|------ 130(0, 1)
|	|	|------ 130(0, 2)
|	|	|------ 132(0, 3)
|	|	|------ 134(0, 6)
|	|	|------ 132(0, 7)
|	|	|------ 130(1, 0)
|	|	|------ 132(1, 1)
|	|	|------ 132(1, 2)
|	|	|------ 134(1, 3)
|	|	|------ 136(1, 4)
|	|	|------ 140(1, 5)
|	|	|------ 141(1, 7)
|	|------ 145(0, 6)
|	|	|------ 132(0, 0)
|	|	|------ 132(0, 1)
|	|	|------ 132(0, 2)
|	|	|------ 132(0, 3)
|	|	|------ 136(0, 5)
|	|	|------ 136(0, 7)
|	|	|------ 132(1, 0)
|	|	|------ 134(1, 1)
|	|	|------ 134(1, 2)
|	|	|------ 134(1, 3)
|	|	|------ 134(1, 4)
|	|	|------ 140(1, 5)
|	|	|------ 145(1, 7)
|	|------ 145(0, 7)
|	|	|------ 132(0, 0)
|	|	|------ 132(0, 1)
|	|	|------ 132(0, 2)
|	|	|------ 132(0, 3)
|	|	|------ 134(0, 5)
|	|	|------ 136(0, 6)
|	|	|------ 132(1, 0)
|	|	|------ 134(1, 1)
|	|	|------ 134(1, 2)
|	|	|------ 134(1, 3)
|	|	|------ 134(1, 4)
|	|	|------ 138(1, 5)
|	|	|------ 145(1, 7)
|	|------ 141(1, 0)
|	|	|------ 130(0, 0)
|	|	|------ 130(0, 1)
|	|	|------ 128(0, 2)
|	|	|------ 128(0, 3)
|	|	|------ 130(0, 5)
|	|	|------ 130(0, 6)
|	|	|------ 130(0, 7)
|	|	|------ 141(1, 1)
|	|	|------ 132(1, 2)
|	|	|------ 130(1, 3)
|	|	|------ 130(1, 4)
|	|	|------ 134(1, 5)
|	|	|------ 139(1, 7)
|	|------ 139(1, 1)
|	|	|------ 130(0, 0)
|	|	|------ 130(0, 1)
|	|	|------ 130(0, 2)
|	|	|------ 128(0, 3)
|	|	|------ 130(0, 5)
|	|	|------ 130(0, 6)
|	|	|------ 130(0, 7)
|	|	|------ 139(1, 0)
|	|	|------ 134(1, 2)
|	|	|------ 130(1, 3)
|	|	|------ 130(1, 4)
|	|	|------ 134(1, 5)
|	|	|------ 139(1, 7)
|	|------ 139(1, 2)
|	|	|------ 128(0, 0)
|	|	|------ 130(0, 1)
|	|	|------ 130(0, 2)
|	|	|------ 130(0, 3)
|	|	|------ 130(0, 5)
|	|	|------ 130(0, 6)
|	|	|------ 130(0, 7)
|	|	|------ 130(1, 0)
|	|	|------ 134(1, 1)
|	|	|------ 134(1, 3)
|	|	|------ 132(1, 4)
|	|	|------ 134(1, 5)
|	|	|------ 139(1, 7)
|	|------ 137(1, 3)
|	|	|------ 126(0, 0)
|	|	|------ 126(0, 1)
|	|	|------ 128(0, 2)
|	|	|------ 130(0, 3)
|	|	|------ 130(0, 5)
|	|	|------ 128(0, 6)
|	|	|------ 128(0, 7)
|	|	|------ 126(1, 0)
|	|	|------ 128(1, 1)
|	|	|------ 132(1, 2)
|	|	|------ 136(1, 4)
|	|	|------ 136(1, 5)
|	|	|------ 137(1, 7)
|	|------ 143(1, 4)
|	|	|------ 126(0, 0)
|	|	|------ 126(0, 1)
|	|	|------ 126(0, 2)
|	|	|------ 130(0, 3)
|	|	|------ 132(0, 5)
|	|	|------ 128(0, 6)
|	|	|------ 128(0, 7)
|	|	|------ 126(1, 0)
|	|	|------ 128(1, 1)
|	|	|------ 130(1, 2)
|	|	|------ 136(1, 3)
|	|	|------ 143(1, 5)
|	|	|------ 137(1, 7)
|	|------ 144(1, 5)
|	|	|------ 128(0, 0)
|	|	|------ 128(0, 1)
|	|	|------ 128(0, 2)
|	|	|------ 130(0, 3)
|	|	|------ 134(0, 5)
|	|	|------ 132(0, 6)
|	|	|------ 130(0, 7)
|	|	|------ 128(1, 0)
|	|	|------ 130(1, 1)
|	|	|------ 130(1, 2)
|	|	|------ 134(1, 3)
|	|	|------ 141(1, 4)
|	|	|------ 144(1, 7)
|	|------ 138(1, 7)
|	|	|------ 127(0, 0)
|	|	|------ 127(0, 1)
|	|	|------ 127(0, 2)
|	|	|------ 127(0, 3)
|	|	|------ 129(0, 5)
|	|	|------ 131(0, 6)
|	|	|------ 131(0, 7)
|	|	|------ 127(1, 0)
|	|	|------ 129(1, 1)
|	|	|------ 129(1, 2)
|	|	|------ 129(1, 3)
|	|	|------ 129(1, 4)
|	|	|------ 138(1, 5)
|------ 138(0, 5)
|	|------ 143(0, 0)
|	|	|------ 136(0, 1)
|	|	|------ 134(0, 2)
|	|	|------ 134(0, 3)
|	|	|------ 134(0, 4)
|	|	|------ 134(0, 6)
|	|	|------ 134(0, 7)
|	|	|------ 136(1, 0)
|	|	|------ 138(1, 1)
|	|	|------ 136(1, 2)
|	|	|------ 136(1, 3)
|	|	|------ 136(1, 4)
|	|	|------ 138(1, 5)
|	|	|------ 143(1, 7)
|	|------ 143(0, 1)
|	|	|------ 136(0, 0)
|	|	|------ 136(0, 2)
|	|	|------ 134(0, 3)
|	|	|------ 134(0, 4)
|	|	|------ 134(0, 6)
|	|	|------ 134(0, 7)
|	|	|------ 136(1, 0)
|	|	|------ 138(1, 1)
|	|	|------ 138(1, 2)
|	|	|------ 136(1, 3)
|	|	|------ 136(1, 4)
|	|	|------ 138(1, 5)
|	|	|------ 143(1, 7)
|	|------ 143(0, 2)
|	|	|------ 134(0, 0)
|	|	|------ 136(0, 1)
|	|	|------ 136(0, 3)
|	|	|------ 134(0, 4)
|	|	|------ 134(0, 6)
|	|	|------ 134(0, 7)
|	|	|------ 134(1, 0)
|	|	|------ 138(1, 1)
|	|	|------ 138(1, 2)
|	|	|------ 138(1, 3)
|	|	|------ 136(1, 4)
|	|	|------ 138(1, 5)
|	|	|------ 143(1, 7)
|	|------ 143(0, 3)
|	|	|------ 134(0, 0)
|	|	|------ 134(0, 1)
|	|	|------ 136(0, 2)
|	|	|------ 136(0, 4)
|	|	|------ 134(0, 6)
|	|	|------ 134(0, 7)
|	|	|------ 134(1, 0)
|	|	|------ 136(1, 1)
|	|	|------ 138(1, 2)
|	|	|------ 138(1, 3)
|	|	|------ 138(1, 4)
|	|	|------ 138(1, 5)
|	|	|------ 143(1, 7)
|	|------ 141(0, 4)
|	|	|------ 132(0, 0)
|	|	|------ 132(0, 1)
|	|	|------ 132(0, 2)
|	|	|------ 134(0, 3)
|	|	|------ 134(0, 6)
|	|	|------ 132(0, 7)
|	|	|------ 132(1, 0)
|	|	|------ 134(1, 1)
|	|	|------ 134(1, 2)
|	|	|------ 136(1, 3)
|	|	|------ 138(1, 4)
|	|	|------ 140(1, 5)
|	|	|------ 141(1, 7)
|	|------ 143(0, 6)
|	|	|------ 130(0, 0)
|	|	|------ 130(0, 1)
|	|	|------ 130(0, 2)
|	|	|------ 130(0, 3)
|	|	|------ 132(0, 4)
|	|	|------ 134(0, 7)
|	|	|------ 130(1, 0)
|	|	|------ 132(1, 1)
|	|	|------ 132(1, 2)
|	|	|------ 132(1, 3)
|	|	|------ 134(1, 4)
|	|	|------ 140(1, 5)
|	|	|------ 143(1, 7)
|	|------ 145(0, 7)
|	|	|------ 132(0, 0)
|	|	|------ 132(0, 1)
|	|	|------ 132(0, 2)
|	|	|------ 132(0, 3)
|	|	|------ 132(0, 4)
|	|	|------ 136(0, 6)
|	|	|------ 132(1, 0)
|	|	|------ 134(1, 1)
|	|	|------ 134(1, 2)
|	|	|------ 134(1, 3)
|	|	|------ 134(1, 4)
|	|	|------ 138(1, 5)
|	|	|------ 145(1, 7)
|	|------ 143(1, 0)
|	|	|------ 132(0, 0)
|	|	|------ 132(0, 1)
|	|	|------ 130(0, 2)
|	|	|------ 130(0, 3)
|	|	|------ 130(0, 4)
|	|	|------ 130(0, 6)
|	|	|------ 130(0, 7)
|	|	|------ 143(1, 1)
|	|	|------ 134(1, 2)
|	|	|------ 132(1, 3)
|	|	|------ 132(1, 4)
|	|	|------ 134(1, 5)
|	|	|------ 139(1, 7)
|	|------ 141(1, 1)
|	|	|------ 132(0, 0)
|	|	|------ 132(0, 1)
|	|	|------ 132(0, 2)
|	|	|------ 130(0, 3)
|	|	|------ 130(0, 4)
|	|	|------ 130(0, 6)
|	|	|------ 130(0, 7)
|	|	|------ 141(1, 0)
|	|	|------ 136(1, 2)
|	|	|------ 132(1, 3)
|	|	|------ 132(1, 4)
|	|	|------ 134(1, 5)
|	|	|------ 139(1, 7)
|	|------ 139(1, 2)
|	|	|------ 130(0, 0)
|	|	|------ 132(0, 1)
|	|	|------ 132(0, 2)
|	|	|------ 132(0, 3)
|	|	|------ 130(0, 4)
|	|	|------ 130(0, 6)
|	|	|------ 130(0, 7)
|	|	|------ 132(1, 0)
|	|	|------ 136(1, 1)
|	|	|------ 136(1, 3)
|	|	|------ 134(1, 4)
|	|	|------ 134(1, 5)
|	|	|------ 139(1, 7)
|	|------ 139(1, 3)
|	|	|------ 130(0, 0)
|	|	|------ 130(0, 1)
|	|	|------ 132(0, 2)
|	|	|------ 132(0, 3)
|	|	|------ 132(0, 4)
|	|	|------ 130(0, 6)
|	|	|------ 130(0, 7)
|	|	|------ 130(1, 0)
|	|	|------ 132(1, 1)
|	|	|------ 136(1, 2)
|	|	|------ 138(1, 4)
|	|	|------ 136(1, 5)
|	|	|------ 139(1, 7)
|	|------ 143(1, 4)
|	|	|------ 128(0, 0)
|	|	|------ 128(0, 1)
|	|	|------ 128(0, 2)
|	|	|------ 130(0, 3)
|	|	|------ 132(0, 4)
|	|	|------ 130(0, 6)
|	|	|------ 128(0, 7)
|	|	|------ 128(1, 0)
|	|	|------ 130(1, 1)
|	|	|------ 132(1, 2)
|	|	|------ 136(1, 3)
|	|	|------ 143(1, 5)
|	|	|------ 137(1, 7)
|	|------ 144(1, 5)
|	|	|------ 128(0, 0)
|	|	|------ 128(0, 1)
|	|	|------ 128(0, 2)
|	|	|------ 128(0, 3)
|	|	|------ 132(0, 4)
|	|	|------ 134(0, 6)
|	|	|------ 130(0, 7)
|	|	|------ 128(1, 0)
|	|	|------ 130(1, 1)
|	|	|------ 130(1, 2)
|	|	|------ 132(1, 3)
|	|	|------ 141(1, 4)
|	|	|------ 144(1, 7)
|	|------ 138(1, 7)
|	|	|------ 127(0, 0)
|	|	|------ 127(0, 1)
|	|	|------ 127(0, 2)
|	|	|------ 127(0, 3)
|	|	|------ 127(0, 4)
|	|	|------ 131(0, 6)
|	|	|------ 131(0, 7)
|	|	|------ 127(1, 0)
|	|	|------ 129(1, 1)
|	|	|------ 129(1, 2)
|	|	|------ 129(1, 3)
|	|	|------ 129(1, 4)
|	|	|------ 138(1, 5)
|------ 139(0, 6)
|	|------ 143(0, 0)
|	|	|------ 136(0, 1)
|	|	|------ 134(0, 2)
|	|	|------ 134(0, 3)
|	|	|------ 134(0, 4)
|	|	|------ 134(0, 5)
|	|	|------ 134(0, 7)
|	|	|------ 136(1, 0)
|	|	|------ 138(1, 1)
|	|	|------ 136(1, 2)
|	|	|------ 136(1, 3)
|	|	|------ 136(1, 4)
|	|	|------ 138(1, 5)
|	|	|------ 143(1, 7)
|	|------ 143(0, 1)
|	|	|------ 136(0, 0)
|	|	|------ 136(0, 2)
|	|	|------ 134(0, 3)
|	|	|------ 134(0, 4)
|	|	|------ 134(0, 5)
|	|	|------ 134(0, 7)
|	|	|------ 136(1, 0)
|	|	|------ 138(1, 1)
|	|	|------ 138(1, 2)
|	|	|------ 136(1, 3)
|	|	|------ 136(1, 4)
|	|	|------ 138(1, 5)
|	|	|------ 143(1, 7)
|	|------ 143(0, 2)
|	|	|------ 134(0, 0)
|	|	|------ 136(0, 1)
|	|	|------ 136(0, 3)
|	|	|------ 134(0, 4)
|	|	|------ 134(0, 5)
|	|	|------ 134(0, 7)
|	|	|------ 134(1, 0)
|	|	|------ 138(1, 1)
|	|	|------ 138(1, 2)
|	|	|------ 138(1, 3)
|	|	|------ 136(1, 4)
|	|	|------ 138(1, 5)
|	|	|------ 143(1, 7)
|	|------ 143(0, 3)
|	|	|------ 134(0, 0)
|	|	|------ 134(0, 1)
|	|	|------ 136(0, 2)
|	|	|------ 136(0, 4)
|	|	|------ 134(0, 5)
|	|	|------ 134(0, 7)
|	|	|------ 134(1, 0)
|	|	|------ 136(1, 1)
|	|	|------ 138(1, 2)
|	|	|------ 138(1, 3)
|	|	|------ 138(1, 4)
|	|	|------ 138(1, 5)
|	|	|------ 143(1, 7)
|	|------ 143(0, 4)
|	|	|------ 134(0, 0)
|	|	|------ 134(0, 1)
|	|	|------ 134(0, 2)
|	|	|------ 136(0, 3)
|	|	|------ 136(0, 5)
|	|	|------ 134(0, 7)
|	|	|------ 134(1, 0)
|	|	|------ 136(1, 1)
|	|	|------ 136(1, 2)
|	|	|------ 138(1, 3)
|	|	|------ 138(1, 4)
|	|	|------ 140(1, 5)
|	|	|------ 143(1, 7)
|	|------ 143(0, 5)
|	|	|------ 130(0, 0)
|	|	|------ 130(0, 1)
|	|	|------ 130(0, 2)
|	|	|------ 130(0, 3)
|	|	|------ 132(0, 4)
|	|	|------ 134(0, 7)
|	|	|------ 130(1, 0)
|	|	|------ 132(1, 1)
|	|	|------ 132(1, 2)
|	|	|------ 132(1, 3)
|	|	|------ 134(1, 4)
|	|	|------ 140(1, 5)
|	|	|------ 143(1, 7)
|	|------ 155(0, 7)
|	|	|------ 130(0, 0)
|	|	|------ 130(0, 1)
|	|	|------ 130(0, 2)
|	|	|------ 130(0, 3)
|	|	|------ 130(0, 4)
|	|	|------ 134(0, 5)
|	|	|------ 130(1, 0)
|	|	|------ 132(1, 1)
|	|	|------ 132(1, 2)
|	|	|------ 132(1, 3)
|	|	|------ 132(1, 4)
|	|	|------ 138(1, 5)
|	|	|------ 155(1, 7)
|	|------ 143(1, 0)
|	|	|------ 132(0, 0)
|	|	|------ 132(0, 1)
|	|	|------ 130(0, 2)
|	|	|------ 130(0, 3)
|	|	|------ 130(0, 4)
|	|	|------ 130(0, 5)
|	|	|------ 130(0, 7)
|	|	|------ 143(1, 1)
|	|	|------ 134(1, 2)
|	|	|------ 132(1, 3)
|	|	|------ 132(1, 4)
|	|	|------ 134(1, 5)
|	|	|------ 139(1, 7)
|	|------ 141(1, 1)
|	|	|------ 132(0, 0)
|	|	|------ 132(0, 1)
|	|	|------ 132(0, 2)
|	|	|------ 130(0, 3)
|	|	|------ 130(0, 4)
|	|	|------ 130(0, 5)
|	|	|------ 130(0, 7)
|	|	|------ 141(1, 0)
|	|	|------ 136(1, 2)
|	|	|------ 132(1, 3)
|	|	|------ 132(1, 4)
|	|	|------ 134(1, 5)
|	|	|------ 139(1, 7)
|	|------ 139(1, 2)
|	|	|------ 130(0, 0)
|	|	|------ 132(0, 1)
|	|	|------ 132(0, 2)
|	|	|------ 132(0, 3)
|	|	|------ 130(0, 4)
|	|	|------ 130(0, 5)
|	|	|------ 130(0, 7)
|	|	|------ 132(1, 0)
|	|	|------ 136(1, 1)
|	|	|------ 136(1, 3)
|	|	|------ 134(1, 4)
|	|	|------ 134(1, 5)
|	|	|------ 139(1, 7)
|	|------ 139(1, 3)
|	|	|------ 130(0, 0)
|	|	|------ 130(0, 1)
|	|	|------ 132(0, 2)
|	|	|------ 132(0, 3)
|	|	|------ 132(0, 4)
|	|	|------ 130(0, 5)
|	|	|------ 130(0, 7)
|	|	|------ 130(1, 0)
|	|	|------ 132(1, 1)
|	|	|------ 136(1, 2)
|	|	|------ 138(1, 4)
|	|	|------ 136(1, 5)
|	|	|------ 139(1, 7)
|	|------ 143(1, 4)
|	|	|------ 130(0, 0)
|	|	|------ 130(0, 1)
|	|	|------ 130(0, 2)
|	|	|------ 132(0, 3)
|	|	|------ 132(0, 4)
|	|	|------ 132(0, 5)
|	|	|------ 130(0, 7)
|	|	|------ 130(1, 0)
|	|	|------ 132(1, 1)
|	|	|------ 134(1, 2)
|	|	|------ 138(1, 3)
|	|	|------ 143(1, 5)
|	|	|------ 139(1, 7)
|	|------ 146(1, 5)
|	|	|------ 128(0, 0)
|	|	|------ 128(0, 1)
|	|	|------ 128(0, 2)
|	|	|------ 128(0, 3)
|	|	|------ 130(0, 4)
|	|	|------ 134(0, 5)
|	|	|------ 132(0, 7)
|	|	|------ 128(1, 0)
|	|	|------ 130(1, 1)
|	|	|------ 130(1, 2)
|	|	|------ 132(1, 3)
|	|	|------ 139(1, 4)
|	|	|------ 146(1, 7)
|	|------ 141(1, 7)
|	|	|------ 125(0, 0)
|	|	|------ 125(0, 1)
|	|	|------ 125(0, 2)
|	|	|------ 125(0, 3)
|	|	|------ 125(0, 4)
|	|	|------ 129(0, 5)
|	|	|------ 141(0, 7)
|	|	|------ 125(1, 0)
|	|	|------ 127(1, 1)
|	|	|------ 127(1, 2)
|	|	|------ 127(1, 3)
|	|	|------ 127(1, 4)
|	|	|------ 138(1, 5)
|------ 139(0, 7)
|	|------ 143(0, 0)
|	|	|------ 136(0, 1)
|	|	|------ 134(0, 2)
|	|	|------ 134(0, 3)
|	|	|------ 134(0, 4)
|	|	|------ 134(0, 5)
|	|	|------ 134(0, 6)
|	|	|------ 136(1, 0)
|	|	|------ 138(1, 1)
|	|	|------ 136(1, 2)
|	|	|------ 136(1, 3)
|	|	|------ 136(1, 4)
|	|	|------ 138(1, 5)
|	|	|------ 143(1, 7)
|	|------ 143(0, 1)
|	|	|------ 136(0, 0)
|	|	|------ 136(0, 2)
|	|	|------ 134(0, 3)
|	|	|------ 134(0, 4)
|	|	|------ 134(0, 5)
|	|	|------ 134(0, 6)
|	|	|------ 136(1, 0)
|	|	|------ 138(1, 1)
|	|	|------ 138(1, 2)
|	|	|------ 136(1, 3)
|	|	|------ 136(1, 4)
|	|	|------ 138(1, 5)
|	|	|------ 143(1, 7)
|	|------ 143(0, 2)
|	|	|------ 134(0, 0)
|	|	|------ 136(0, 1)
|	|	|------ 136(0, 3)
|	|	|------ 134(0, 4)
|	|	|------ 134(0, 5)
|	|	|------ 134(0, 6)
|	|	|------ 134(1, 0)
|	|	|------ 138(1, 1)
|	|	|------ 138(1, 2)
|	|	|------ 138(1, 3)
|	|	|------ 136(1, 4)
|	|	|------ 138(1, 5)
|	|	|------ 143(1, 7)
|	|------ 143(0, 3)
|	|	|------ 134(0, 0)
|	|	|------ 134(0, 1)
|	|	|------ 136(0, 2)
|	|	|------ 136(0, 4)
|	|	|------ 134(0, 5)
|	|	|------ 134(0, 6)
|	|	|------ 134(1, 0)
|	|	|------ 136(1, 1)
|	|	|------ 138(1, 2)
|	|	|------ 138(1, 3)
|	|	|------ 138(1, 4)
|	|	|------ 138(1, 5)
|	|	|------ 143(1, 7)
|	|------ 143(0, 4)
|	|	|------ 134(0, 0)
|	|	|------ 134(0, 1)
|	|	|------ 134(0, 2)
|	|	|------ 136(0, 3)
|	|	|------ 136(0, 5)
|	|	|------ 134(0, 6)
|	|	|------ 134(1, 0)
|	|	|------ 136(1, 1)
|	|	|------ 136(1, 2)
|	|	|------ 138(1, 3)
|	|	|------ 138(1, 4)
|	|	|------ 140(1, 5)
|	|	|------ 143(1, 7)
|	|------ 143(0, 5)
|	|	|------ 132(0, 0)
|	|	|------ 132(0, 1)
|	|	|------ 132(0, 2)
|	|	|------ 132(0, 3)
|	|	|------ 134(0, 4)
|	|	|------ 136(0, 6)
|	|	|------ 132(1, 0)
|	|	|------ 134(1, 1)
|	|	|------ 134(1, 2)
|	|	|------ 134(1, 3)
|	|	|------ 136(1, 4)
|	|	|------ 140(1, 5)
|	|	|------ 143(1, 7)
|	|------ 155(0, 6)
|	|	|------ 130(0, 0)
|	|	|------ 130(0, 1)
|	|	|------ 130(0, 2)
|	|	|------ 130(0, 3)
|	|	|------ 130(0, 4)
|	|	|------ 134(0, 5)
|	|	|------ 130(1, 0)
|	|	|------ 132(1, 1)
|	|	|------ 132(1, 2)
|	|	|------ 132(1, 3)
|	|	|------ 132(1, 4)
|	|	|------ 138(1, 5)
|	|	|------ 155(1, 7)
|	|------ 143(1, 0)
|	|	|------ 132(0, 0)
|	|	|------ 132(0, 1)
|	|	|------ 130(0, 2)
|	|	|------ 130(0, 3)
|	|	|------ 130(0, 4)
|	|	|------ 130(0, 5)
|	|	|------ 130(0, 6)
|	|	|------ 143(1, 1)
|	|	|------ 134(1, 2)
|	|	|------ 132(1, 3)
|	|	|------ 132(1, 4)
|	|	|------ 134(1, 5)
|	|	|------ 139(1, 7)
|	|------ 141(1, 1)
|	|	|------ 132(0, 0)
|	|	|------ 132(0, 1)
|	|	|------ 132(0, 2)
|	|	|------ 130(0, 3)
|	|	|------ 130(0, 4)
|	|	|------ 130(0, 5)
|	|	|------ 130(0, 6)
|	|	|------ 141(1, 0)
|	|	|------ 136(1, 2)
|	|	|------ 132(1, 3)
|	|	|------ 132(1, 4)
|	|	|------ 134(1, 5)
|	|	|------ 139(1, 7)
|	|------ 139(1, 2)
|	|	|------ 130(0, 0)
|	|	|------ 132(0, 1)
|	|	|------ 132(0, 2)
|	|	|------ 132(0, 3)
|	|	|------ 130(0, 4)
|	|	|------ 130(0, 5)
|	|	|------ 130(0, 6)
|	|	|------ 132(1, 0)
|	|	|------ 136(1, 1)
|	|	|------ 136(1, 3)
|	|	|------ 134(1, 4)
|	|	|------ 134(1, 5)
|	|	|------ 139(1, 7)
|	|------ 139(1, 3)
|	|	|------ 130(0, 0)
|	|	|------ 130(0, 1)
|	|	|------ 132(0, 2)
|	|	|------ 132(0, 3)
|	|	|------ 132(0, 4)
|	|	|------ 130(0, 5)
|	|	|------ 130(0, 6)
|	|	|------ 130(1, 0)
|	|	|------ 132(1, 1)
|	|	|------ 136(1, 2)
|	|	|------ 138(1, 4)
|	|	|------ 136(1, 5)
|	|	|------ 139(1, 7)
|	|------ 143(1, 4)
|	|	|------ 130(0, 0)
|	|	|------ 130(0, 1)
|	|	|------ 130(0, 2)
|	|	|------ 132(0, 3)
|	|	|------ 132(0, 4)
|	|	|------ 132(0, 5)
|	|	|------ 130(0, 6)
|	|	|------ 130(1, 0)
|	|	|------ 132(1, 1)
|	|	|------ 134(1, 2)
|	|	|------ 138(1, 3)
|	|	|------ 143(1, 5)
|	|	|------ 139(1, 7)
|	|------ 146(1, 5)
|	|	|------ 130(0, 0)
|	|	|------ 130(0, 1)
|	|	|------ 130(0, 2)
|	|	|------ 130(0, 3)
|	|	|------ 132(0, 4)
|	|	|------ 134(0, 5)
|	|	|------ 134(0, 6)
|	|	|------ 130(1, 0)
|	|	|------ 132(1, 1)
|	|	|------ 132(1, 2)
|	|	|------ 134(1, 3)
|	|	|------ 141(1, 4)
|	|	|------ 146(1, 7)
|	|------ 141(1, 7)
|	|	|------ 125(0, 0)
|	|	|------ 125(0, 1)
|	|	|------ 125(0, 2)
|	|	|------ 125(0, 3)
|	|	|------ 125(0, 4)
|	|	|------ 127(0, 5)
|	|	|------ 141(0, 6)
|	|	|------ 125(1, 0)
|	|	|------ 127(1, 1)
|	|	|------ 127(1, 2)
|	|	|------ 127(1, 3)
|	|	|------ 127(1, 4)
|	|	|------ 136(1, 5)
|------ 132(1, 0)
|	|------ 141(0, 0)
|	|	|------ 134(0, 1)
|	|	|------ 130(0, 2)
|	|	|------ 130(0, 3)
|	|	|------ 130(0, 4)
|	|	|------ 132(0, 5)
|	|	|------ 132(0, 6)
|	|	|------ 132(0, 7)
|	|	|------ 141(1, 1)
|	|	|------ 132(1, 2)
|	|	|------ 132(1, 3)
|	|	|------ 132(1, 4)
|	|	|------ 136(1, 5)
|	|	|------ 141(1, 7)
|	|------ 141(0, 1)
|	|	|------ 134(0, 0)
|	|	|------ 132(0, 2)
|	|	|------ 130(0, 3)
|	|	|------ 130(0, 4)
|	|	|------ 132(0, 5)
|	|	|------ 132(0, 6)
|	|	|------ 132(0, 7)
|	|	|------ 141(1, 1)
|	|	|------ 134(1, 2)
|	|	|------ 132(1, 3)
|	|	|------ 132(1, 4)
|	|	|------ 136(1, 5)
|	|	|------ 141(1, 7)
|	|------ 143(0, 2)
|	|	|------ 132(0, 0)
|	|	|------ 134(0, 1)
|	|	|------ 134(0, 3)
|	|	|------ 132(0, 4)
|	|	|------ 134(0, 5)
|	|	|------ 134(0, 6)
|	|	|------ 134(0, 7)
|	|	|------ 141(1, 1)
|	|	|------ 136(1, 2)
|	|	|------ 136(1, 3)
|	|	|------ 134(1, 4)
|	|	|------ 138(1, 5)
|	|	|------ 143(1, 7)
|	|------ 143(0, 3)
|	|	|------ 132(0, 0)
|	|	|------ 132(0, 1)
|	|	|------ 134(0, 2)
|	|	|------ 134(0, 4)
|	|	|------ 134(0, 5)
|	|	|------ 134(0, 6)
|	|	|------ 134(0, 7)
|	|	|------ 139(1, 1)
|	|	|------ 136(1, 2)
|	|	|------ 136(1, 3)
|	|	|------ 136(1, 4)
|	|	|------ 138(1, 5)
|	|	|------ 143(1, 7)
|	|------ 143(0, 4)
|	|	|------ 132(0, 0)
|	|	|------ 132(0, 1)
|	|	|------ 132(0, 2)
|	|	|------ 134(0, 3)
|	|	|------ 136(0, 5)
|	|	|------ 134(0, 6)
|	|	|------ 134(0, 7)
|	|	|------ 139(1, 1)
|	|	|------ 134(1, 2)
|	|	|------ 136(1, 3)
|	|	|------ 136(1, 4)
|	|	|------ 140(1, 5)
|	|	|------ 143(1, 7)
|	|------ 143(0, 5)
|	|	|------ 132(0, 0)
|	|	|------ 132(0, 1)
|	|	|------ 132(0, 2)
|	|	|------ 132(0, 3)
|	|	|------ 134(0, 4)
|	|	|------ 136(0, 6)
|	|	|------ 134(0, 7)
|	|	|------ 139(1, 1)
|	|	|------ 134(1, 2)
|	|	|------ 134(1, 3)
|	|	|------ 136(1, 4)
|	|	|------ 140(1, 5)
|	|	|------ 143(1, 7)
|	|------ 145(0, 6)
|	|	|------ 132(0, 0)
|	|	|------ 132(0, 1)
|	|	|------ 132(0, 2)
|	|	|------ 132(0, 3)
|	|	|------ 132(0, 4)
|	|	|------ 136(0, 5)
|	|	|------ 136(0, 7)
|	|	|------ 139(1, 1)
|	|	|------ 134(1, 2)
|	|	|------ 134(1, 3)
|	|	|------ 134(1, 4)
|	|	|------ 140(1, 5)
|	|	|------ 145(1, 7)
|	|------ 145(0, 7)
|	|	|------ 132(0, 0)
|	|	|------ 132(0, 1)
|	|	|------ 132(0, 2)
|	|	|------ 132(0, 3)
|	|	|------ 132(0, 4)
|	|	|------ 134(0, 5)
|	|	|------ 136(0, 6)
|	|	|------ 139(1, 1)
|	|	|------ 134(1, 2)
|	|	|------ 134(1, 3)
|	|	|------ 134(1, 4)
|	|	|------ 138(1, 5)
|	|	|------ 145(1, 7)
|	|------ 132(1, 1)
|	|	|------ 125(0, 0)
|	|	|------ 125(0, 1)
|	|	|------ 123(0, 2)
|	|	|------ 121(0, 3)
|	|	|------ 121(0, 4)
|	|	|------ 123(0, 5)
|	|	|------ 123(0, 6)
|	|	|------ 123(0, 7)
|	|	|------ 132(1, 2)
|	|	|------ 123(1, 3)
|	|	|------ 123(1, 4)
|	|	|------ 127(1, 5)
|	|	|------ 132(1, 7)
|	|------ 144(1, 2)
|	|	|------ 128(0, 0)
|	|	|------ 130(0, 1)
|	|	|------ 130(0, 2)
|	|	|------ 130(0, 3)
|	|	|------ 128(0, 4)
|	|	|------ 130(0, 5)
|	|	|------ 130(0, 6)
|	|	|------ 130(0, 7)
|	|	|------ 144(1, 1)
|	|	|------ 134(1, 3)
|	|	|------ 132(1, 4)
|	|	|------ 134(1, 5)
|	|	|------ 139(1, 7)
|	|------ 139(1, 3)
|	|	|------ 128(0, 0)
|	|	|------ 128(0, 1)
|	|	|------ 130(0, 2)
|	|	|------ 130(0, 3)
|	|	|------ 130(0, 4)
|	|	|------ 130(0, 5)
|	|	|------ 130(0, 6)
|	|	|------ 130(0, 7)
|	|	|------ 135(1, 1)
|	|	|------ 134(1, 2)
|	|	|------ 136(1, 4)
|	|	|------ 136(1, 5)
|	|	|------ 139(1, 7)
|	|------ 143(1, 4)
|	|	|------ 128(0, 0)
|	|	|------ 128(0, 1)
|	|	|------ 128(0, 2)
|	|	|------ 130(0, 3)
|	|	|------ 130(0, 4)
|	|	|------ 132(0, 5)
|	|	|------ 130(0, 6)
|	|	|------ 130(0, 7)
|	|	|------ 135(1, 1)
|	|	|------ 132(1, 2)
|	|	|------ 136(1, 3)
|	|	|------ 143(1, 5)
|	|	|------ 139(1, 7)
|	|------ 146(1, 5)
|	|	|------ 130(0, 0)
|	|	|------ 130(0, 1)
|	|	|------ 130(0, 2)
|	|	|------ 130(0, 3)
|	|	|------ 132(0, 4)
|	|	|------ 134(0, 5)
|	|	|------ 134(0, 6)
|	|	|------ 132(0, 7)
|	|	|------ 137(1, 1)
|	|	|------ 132(1, 2)
|	|	|------ 134(1, 3)
|	|	|------ 141(1, 4)
|	|	|------ 146(1, 7)
|	|------ 138(1, 7)
|	|	|------ 127(0, 0)
|	|	|------ 127(0, 1)
|	|	|------ 127(0, 2)
|	|	|------ 127(0, 3)
|	|	|------ 127(0, 4)
|	|	|------ 129(0, 5)
|	|	|------ 131(0, 6)
|	|	|------ 131(0, 7)
|	|	|------ 134(1, 1)
|	|	|------ 129(1, 2)
|	|	|------ 129(1, 3)
|	|	|------ 129(1, 4)
|	|	|------ 138(1, 5)
|------ 134(1, 1)
|	|------ 143(0, 0)
|	|	|------ 136(0, 1)
|	|	|------ 134(0, 2)
|	|	|------ 132(0, 3)
|	|	|------ 132(0, 4)
|	|	|------ 134(0, 5)
|	|	|------ 134(0, 6)
|	|	|------ 134(0, 7)
|	|	|------ 141(1, 0)
|	|	|------ 134(1, 2)
|	|	|------ 132(1, 3)
|	|	|------ 134(1, 4)
|	|	|------ 138(1, 5)
|	|	|------ 143(1, 7)
|	|------ 143(0, 1)
|	|	|------ 136(0, 0)
|	|	|------ 136(0, 2)
|	|	|------ 132(0, 3)
|	|	|------ 132(0, 4)
|	|	|------ 134(0, 5)
|	|	|------ 134(0, 6)
|	|	|------ 134(0, 7)
|	|	|------ 141(1, 0)
|	|	|------ 136(1, 2)
|	|	|------ 132(1, 3)
|	|	|------ 134(1, 4)
|	|	|------ 138(1, 5)
|	|	|------ 143(1, 7)
|	|------ 143(0, 2)
|	|	|------ 134(0, 0)
|	|	|------ 136(0, 1)
|	|	|------ 134(0, 3)
|	|	|------ 132(0, 4)
|	|	|------ 134(0, 5)
|	|	|------ 134(0, 6)
|	|	|------ 134(0, 7)
|	|	|------ 139(1, 0)
|	|	|------ 136(1, 2)
|	|	|------ 134(1, 3)
|	|	|------ 134(1, 4)
|	|	|------ 138(1, 5)
|	|	|------ 143(1, 7)
|	|------ 145(0, 3)
|	|	|------ 134(0, 0)
|	|	|------ 134(0, 1)
|	|	|------ 136(0, 2)
|	|	|------ 136(0, 4)
|	|	|------ 136(0, 5)
|	|	|------ 136(0, 6)
|	|	|------ 136(0, 7)
|	|	|------ 139(1, 0)
|	|	|------ 136(1, 2)
|	|	|------ 136(1, 3)
|	|	|------ 138(1, 4)
|	|	|------ 140(1, 5)
|	|	|------ 145(1, 7)
|	|------ 145(0, 4)
|	|	|------ 134(0, 0)
|	|	|------ 134(0, 1)
|	|	|------ 134(0, 2)
|	|	|------ 136(0, 3)
|	|	|------ 138(0, 5)
|	|	|------ 136(0, 6)
|	|	|------ 136(0, 7)
|	|	|------ 139(1, 0)
|	|	|------ 134(1, 2)
|	|	|------ 136(1, 3)
|	|	|------ 138(1, 4)
|	|	|------ 142(1, 5)
|	|	|------ 145(1, 7)
|	|------ 145(0, 5)
|	|	|------ 134(0, 0)
|	|	|------ 134(0, 1)
|	|	|------ 134(0, 2)
|	|	|------ 134(0, 3)
|	|	|------ 136(0, 4)
|	|	|------ 138(0, 6)
|	|	|------ 136(0, 7)
|	|	|------ 139(1, 0)
|	|	|------ 134(1, 2)
|	|	|------ 134(1, 3)
|	|	|------ 138(1, 4)
|	|	|------ 142(1, 5)
|	|	|------ 145(1, 7)
|	|------ 147(0, 6)
|	|	|------ 134(0, 0)
|	|	|------ 134(0, 1)
|	|	|------ 134(0, 2)
|	|	|------ 134(0, 3)
|	|	|------ 134(0, 4)
|	|	|------ 138(0, 5)
|	|	|------ 138(0, 7)
|	|	|------ 139(1, 0)
|	|	|------ 134(1, 2)
|	|	|------ 134(1, 3)
|	|	|------ 136(1, 4)
|	|	|------ 142(1, 5)
|	|	|------ 147(1, 7)
|	|------ 147(0, 7)
|	|	|------ 134(0, 0)
|	|	|------ 134(0, 1)
|	|	|------ 134(0, 2)
|	|	|------ 134(0, 3)
|	|	|------ 134(0, 4)
|	|	|------ 136(0, 5)
|	|	|------ 138(0, 6)
|	|	|------ 139(1, 0)
|	|	|------ 134(1, 2)
|	|	|------ 134(1, 3)
|	|	|------ 136(1, 4)
|	|	|------ 140(1, 5)
|	|	|------ 147(1, 7)
|	|------ 134(1, 0)
|	|	|------ 127(0, 0)
|	|	|------ 127(0, 1)
|	|	|------ 125(0, 2)
|	|	|------ 123(0, 3)
|	|	|------ 123(0, 4)
|	|	|------ 125(0, 5)
|	|	|------ 125(0, 6)
|	|	|------ 125(0, 7)
|	|	|------ 132(1, 2)
|	|	|------ 123(1, 3)
|	|	|------ 125(1, 4)
|	|	|------ 129(1, 5)
|	|	|------ 134(1, 7)
|	|------ 140(1, 2)
|	|	|------ 128(0, 0)
|	|	|------ 130(0, 1)
|	|	|------ 130(0, 2)
|	|	|------ 128(0, 3)
|	|	|------ 126(0, 4)
|	|	|------ 128(0, 5)
|	|	|------ 128(0, 6)
|	|	|------ 128(0, 7)
|	|	|------ 140(1, 0)
|	|	|------ 137(1, 3)
|	|	|------ 130(1, 4)
|	|	|------ 132(1, 5)
|	|	|------ 137(1, 7)
|	|------ 139(1, 3)
|	|	|------ 128(0, 0)
|	|	|------ 128(0, 1)
|	|	|------ 130(0, 2)
|	|	|------ 130(0, 3)
|	|	|------ 130(0, 4)
|	|	|------ 130(0, 5)
|	|	|------ 130(0, 6)
|	|	|------ 130(0, 7)
|	|	|------ 133(1, 0)
|	|	|------ 139(1, 2)
|	|	|------ 136(1, 4)
|	|	|------ 136(1, 5)
|	|	|------ 139(1, 7)
|	|------ 145(1, 4)
|	|	|------ 130(0, 0)
|	|	|------ 130(0, 1)
|	|	|------ 130(0, 2)
|	|	|------ 132(0, 3)
|	|	|------ 132(0, 4)
|	|	|------ 134(0, 5)
|	|	|------ 132(0, 6)
|	|	|------ 132(0, 7)
|	|	|------ 135(1, 0)
|	|	|------ 132(1, 2)
|	|	|------ 136(1, 3)
|	|	|------ 145(1, 5)
|	|	|------ 141(1, 7)
|	|------ 148(1, 5)
|	|	|------ 132(0, 0)
|	|	|------ 132(0, 1)
|	|	|------ 132(0, 2)
|	|	|------ 132(0, 3)
|	|	|------ 134(0, 4)
|	|	|------ 136(0, 5)
|	|	|------ 136(0, 6)
|	|	|------ 134(0, 7)
|	|	|------ 137(1, 0)
|	|	|------ 132(1, 2)
|	|	|------ 134(1, 3)
|	|	|------ 143(1, 4)
|	|	|------ 148(1, 7)
|	|------ 140(1, 7)
|	|	|------ 129(0, 0)
|	|	|------ 129(0, 1)
|	|	|------ 129(0, 2)
|	|	|------ 129(0, 3)
|	|	|------ 129(0, 4)
|	|	|------ 131(0, 5)
|	|	|------ 133(0, 6)
|	|	|------ 133(0, 7)
|	|	|------ 134(1, 0)
|	|	|------ 129(1, 2)
|	|	|------ 129(1, 3)
|	|	|------ 131(1, 4)
|	|	|------ 140(1, 5)
|------ 139(1, 2)
|	|------ 145(0, 0)
|	|	|------ 136(0, 1)
|	|	|------ 134(0, 2)
|	|	|------ 134(0, 3)
|	|	|------ 134(0, 4)
|	|	|------ 136(0, 5)
|	|	|------ 136(0, 6)
|	|	|------ 136(0, 7)
|	|	|------ 136(1, 0)
|	|	|------ 136(1, 1)
|	|	|------ 134(1, 3)
|	|	|------ 136(1, 4)
|	|	|------ 140(1, 5)
|	|	|------ 145(1, 7)
|	|------ 143(0, 1)
|	|	|------ 134(0, 0)
|	|	|------ 136(0, 2)
|	|	|------ 134(0, 3)
|	|	|------ 132(0, 4)
|	|	|------ 134(0, 5)
|	|	|------ 134(0, 6)
|	|	|------ 134(0, 7)
|	|	|------ 134(1, 0)
|	|	|------ 136(1, 1)
|	|	|------ 134(1, 3)
|	|	|------ 134(1, 4)
|	|	|------ 138(1, 5)
|	|	|------ 143(1, 7)
|	|------ 143(0, 2)
|	|	|------ 132(0, 0)
|	|	|------ 136(0, 1)
|	|	|------ 136(0, 3)
|	|	|------ 132(0, 4)
|	|	|------ 134(0, 5)
|	|	|------ 134(0, 6)
|	|	|------ 134(0, 7)
|	|	|------ 132(1, 0)
|	|	|------ 136(1, 1)
|	|	|------ 136(1, 3)
|	|	|------ 134(1, 4)
|	|	|------ 138(1, 5)
|	|	|------ 143(1, 7)
|	|------ 143(0, 3)
|	|	|------ 132(0, 0)
|	|	|------ 134(0, 1)
|	|	|------ 136(0, 2)
|	|	|------ 134(0, 4)
|	|	|------ 134(0, 5)
|	|	|------ 134(0, 6)
|	|	|------ 134(0, 7)
|	|	|------ 132(1, 0)
|	|	|------ 134(1, 1)
|	|	|------ 136(1, 3)
|	|	|------ 136(1, 4)
|	|	|------ 138(1, 5)
|	|	|------ 143(1, 7)
|	|------ 145(0, 4)
|	|	|------ 134(0, 0)
|	|	|------ 134(0, 1)
|	|	|------ 134(0, 2)
|	|	|------ 136(0, 3)
|	|	|------ 138(0, 5)
|	|	|------ 136(0, 6)
|	|	|------ 136(0, 7)
|	|	|------ 134(1, 0)
|	|	|------ 134(1, 1)
|	|	|------ 136(1, 3)
|	|	|------ 138(1, 4)
|	|	|------ 142(1, 5)
|	|	|------ 145(1, 7)
|	|------ 145(0, 5)
|	|	|------ 134(0, 0)
|	|	|------ 134(0, 1)
|	|	|------ 134(0, 2)
|	|	|------ 134(0, 3)
|	|	|------ 136(0, 4)
|	|	|------ 138(0, 6)
|	|	|------ 136(0, 7)
|	|	|------ 134(1, 0)
|	|	|------ 134(1, 1)
|	|	|------ 134(1, 3)
|	|	|------ 138(1, 4)
|	|	|------ 142(1, 5)
|	|	|------ 145(1, 7)
|	|------ 147(0, 6)
|	|	|------ 134(0, 0)
|	|	|------ 134(0, 1)
|	|	|------ 134(0, 2)
|	|	|------ 134(0, 3)
|	|	|------ 134(0, 4)
|	|	|------ 138(0, 5)
|	|	|------ 138(0, 7)
|	|	|------ 134(1, 0)
|	|	|------ 134(1, 1)
|	|	|------ 134(1, 3)
|	|	|------ 136(1, 4)
|	|	|------ 142(1, 5)
|	|	|------ 147(1, 7)
|	|------ 147(0, 7)
|	|	|------ 134(0, 0)
|	|	|------ 134(0, 1)
|	|	|------ 134(0, 2)
|	|	|------ 134(0, 3)
|	|	|------ 134(0, 4)
|	|	|------ 136(0, 5)
|	|	|------ 138(0, 6)
|	|	|------ 134(1, 0)
|	|	|------ 134(1, 1)
|	|	|------ 134(1, 3)
|	|	|------ 136(1, 4)
|	|	|------ 140(1, 5)
|	|	|------ 147(1, 7)
|	|------ 146(1, 0)
|	|	|------ 132(0, 0)
|	|	|------ 132(0, 1)
|	|	|------ 130(0, 2)
|	|	|------ 130(0, 3)
|	|	|------ 130(0, 4)
|	|	|------ 132(0, 5)
|	|	|------ 132(0, 6)
|	|	|------ 132(0, 7)
|	|	|------ 146(1, 1)
|	|	|------ 130(1, 3)
|	|	|------ 132(1, 4)
|	|	|------ 136(1, 5)
|	|	|------ 141(1, 7)
|	|------ 142(1, 1)
|	|	|------ 128(0, 0)
|	|	|------ 130(0, 1)
|	|	|------ 130(0, 2)
|	|	|------ 128(0, 3)
|	|	|------ 126(0, 4)
|	|	|------ 128(0, 5)
|	|	|------ 128(0, 6)
|	|	|------ 128(0, 7)
|	|	|------ 142(1, 0)
|	|	|------ 135(1, 3)
|	|	|------ 128(1, 4)
|	|	|------ 132(1, 5)
|	|	|------ 137(1, 7)
|	|------ 139(1, 3)
|	|	|------ 126(0, 0)
|	|	|------ 128(0, 1)
|	|	|------ 130(0, 2)
|	|	|------ 130(0, 3)
|	|	|------ 128(0, 4)
|	|	|------ 128(0, 5)
|	|	|------ 128(0, 6)
|	|	|------ 128(0, 7)
|	|	|------ 126(1, 0)
|	|	|------ 135(1, 1)
|	|	|------ 139(1, 4)
|	|	|------ 134(1, 5)
|	|	|------ 137(1, 7)
|	|------ 145(1, 4)
|	|	|------ 130(0, 0)
|	|	|------ 130(0, 1)
|	|	|------ 130(0, 2)
|	|	|------ 132(0, 3)
|	|	|------ 132(0, 4)
|	|	|------ 134(0, 5)
|	|	|------ 132(0, 6)
|	|	|------ 132(0, 7)
|	|	|------ 130(1, 0)
|	|	|------ 130(1, 1)
|	|	|------ 141(1, 3)
|	|	|------ 145(1, 5)
|	|	|------ 141(1, 7)
|	|------ 148(1, 5)
|	|	|------ 132(0, 0)
|	|	|------ 132(0, 1)
|	|	|------ 132(0, 2)
|	|	|------ 132(0, 3)
|	|	|------ 134(0, 4)
|	|	|------ 136(0, 5)
|	|	|------ 136(0, 6)
|	|	|------ 134(0, 7)
|	|	|------ 132(1, 0)
|	|	|------ 132(1, 1)
|	|	|------ 134(1, 3)
|	|	|------ 143(1, 4)
|	|	|------ 148(1, 7)
|	|------ 140(1, 7)
|	|	|------ 129(0, 0)
|	|	|------ 129(0, 1)
|	|	|------ 129(0, 2)
|	|	|------ 129(0, 3)
|	|	|------ 129(0, 4)
|	|	|------ 131(0, 5)
|	|	|------ 133(0, 6)
|	|	|------ 133(0, 7)
|	|	|------ 129(1, 0)
|	|	|------ 129(1, 1)
|	|	|------ 129(1, 3)
|	|	|------ 131(1, 4)
|	|	|------ 140(1, 5)
|------ 137(1, 3)
|	|------ 145(0, 0)
|	|	|------ 136(0, 1)
|	|	|------ 134(0, 2)
|	|	|------ 134(0, 3)
|	|	|------ 134(0, 4)
|	|	|------ 136(0, 5)
|	|	|------ 136(0, 6)
|	|	|------ 136(0, 7)
|	|	|------ 136(1, 0)
|	|	|------ 136(1, 1)
|	|	|------ 134(1, 2)
|	|	|------ 136(1, 4)
|	|	|------ 140(1, 5)
|	|	|------ 145(1, 7)
|	|------ 145(0, 1)
|	|	|------ 136(0, 0)
|	|	|------ 136(0, 2)
|	|	|------ 134(0, 3)
|	|	|------ 134(0, 4)
|	|	|------ 136(0, 5)
|	|	|------ 136(0, 6)
|	|	|------ 136(0, 7)
|	|	|------ 136(1, 0)
|	|	|------ 136(1, 1)
|	|	|------ 136(1, 2)
|	|	|------ 136(1, 4)
|	|	|------ 140(1, 5)
|	|	|------ 145(1, 7)
|	|------ 143(0, 2)
|	|	|------ 132(0, 0)
|	|	|------ 134(0, 1)
|	|	|------ 136(0, 3)
|	|	|------ 134(0, 4)
|	|	|------ 134(0, 5)
|	|	|------ 134(0, 6)
|	|	|------ 134(0, 7)
|	|	|------ 132(1, 0)
|	|	|------ 134(1, 1)
|	|	|------ 136(1, 2)
|	|	|------ 136(1, 4)
|	|	|------ 138(1, 5)
|	|	|------ 143(1, 7)
|	|------ 143(0, 3)
|	|	|------ 132(0, 0)
|	|	|------ 132(0, 1)
|	|	|------ 136(0, 2)
|	|	|------ 136(0, 4)
|	|	|------ 134(0, 5)
|	|	|------ 134(0, 6)
|	|	|------ 134(0, 7)
|	|	|------ 132(1, 0)
|	|	|------ 132(1, 1)
|	|	|------ 136(1, 2)
|	|	|------ 138(1, 4)
|	|	|------ 138(1, 5)
|	|	|------ 143(1, 7)
|	|------ 143(0, 4)
|	|	|------ 132(0, 0)
|	|	|------ 132(0, 1)
|	|	|------ 134(0, 2)
|	|	|------ 136(0, 3)
|	|	|------ 136(0, 5)
|	|	|------ 134(0, 6)
|	|	|------ 134(0, 7)
|	|	|------ 132(1, 0)
|	|	|------ 132(1, 1)
|	|	|------ 134(1, 2)
|	|	|------ 138(1, 4)
|	|	|------ 140(1, 5)
|	|	|------ 143(1, 7)
|	|------ 145(0, 5)
|	|	|------ 134(0, 0)
|	|	|------ 134(0, 1)
|	|	|------ 134(0, 2)
|	|	|------ 134(0, 3)
|	|	|------ 136(0, 4)
|	|	|------ 138(0, 6)
|	|	|------ 136(0, 7)
|	|	|------ 134(1, 0)
|	|	|------ 134(1, 1)
|	|	|------ 134(1, 2)
|	|	|------ 138(1, 4)
|	|	|------ 142(1, 5)
|	|	|------ 145(1, 7)
|	|------ 147(0, 6)
|	|	|------ 134(0, 0)
|	|	|------ 134(0, 1)
|	|	|------ 134(0, 2)
|	|	|------ 134(0, 3)
|	|	|------ 134(0, 4)
|	|	|------ 138(0, 5)
|	|	|------ 138(0, 7)
|	|	|------ 134(1, 0)
|	|	|------ 134(1, 1)
|	|	|------ 134(1, 2)
|	|	|------ 136(1, 4)
|	|	|------ 142(1, 5)
|	|	|------ 147(1, 7)
|	|------ 147(0, 7)
|	|	|------ 134(0, 0)
|	|	|------ 134(0, 1)
|	|	|------ 134(0, 2)
|	|	|------ 134(0, 3)
|	|	|------ 134(0, 4)
|	|	|------ 136(0, 5)
|	|	|------ 138(0, 6)
|	|	|------ 134(1, 0)
|	|	|------ 134(1, 1)
|	|	|------ 134(1, 2)
|	|	|------ 136(1, 4)
|	|	|------ 140(1, 5)
|	|	|------ 147(1, 7)
|	|------ 141(1, 0)
|	|	|------ 132(0, 0)
|	|	|------ 132(0, 1)
|	|	|------ 130(0, 2)
|	|	|------ 130(0, 3)
|	|	|------ 130(0, 4)
|	|	|------ 132(0, 5)
|	|	|------ 132(0, 6)
|	|	|------ 132(0, 7)
|	|	|------ 141(1, 1)
|	|	|------ 132(1, 2)
|	|	|------ 132(1, 4)
|	|	|------ 136(1, 5)
|	|	|------ 141(1, 7)
|	|------ 139(1, 1)
|	|	|------ 130(0, 0)
|	|	|------ 130(0, 1)
|	|	|------ 130(0, 2)
|	|	|------ 128(0, 3)
|	|	|------ 128(0, 4)
|	|	|------ 130(0, 5)
|	|	|------ 130(0, 6)
|	|	|------ 130(0, 7)
|	|	|------ 139(1, 0)
|	|	|------ 139(1, 2)
|	|	|------ 130(1, 4)
|	|	|------ 134(1, 5)
|	|	|------ 139(1, 7)
|	|------ 137(1, 2)
|	|	|------ 126(0, 0)
|	|	|------ 128(0, 1)
|	|	|------ 130(0, 2)
|	|	|------ 130(0, 3)
|	|	|------ 128(0, 4)
|	|	|------ 128(0, 5)
|	|	|------ 128(0, 6)
|	|	|------ 128(0, 7)
|	|	|------ 128(1, 0)
|	|	|------ 137(1, 1)
|	|	|------ 137(1, 4)
|	|	|------ 132(1, 5)
|	|	|------ 137(1, 7)
|	|------ 148(1, 4)
|	|	|------ 128(0, 0)
|	|	|------ 128(0, 1)
|	|	|------ 130(0, 2)
|	|	|------ 132(0, 3)
|	|	|------ 132(0, 4)
|	|	|------ 132(0, 5)
|	|	|------ 130(0, 6)
|	|	|------ 130(0, 7)
|	|	|------ 128(1, 0)
|	|	|------ 128(1, 1)
|	|	|------ 137(1, 2)
|	|	|------ 148(1, 5)
|	|	|------ 139(1, 7)
|	|------ 148(1, 5)
|	|	|------ 132(0, 0)
|	|	|------ 132(0, 1)
|	|	|------ 132(0, 2)
|	|	|------ 132(0, 3)
|	|	|------ 134(0, 4)
|	|	|------ 136(0, 5)
|	|	|------ 136(0, 6)
|	|	|------ 134(0, 7)
|	|	|------ 132(1, 0)
|	|	|------ 132(1, 1)
|	|	|------ 132(1, 2)
|	|	|------ 148(1, 4)
|	|	|------ 148(1, 7)
|	|------ 140(1, 7)
|	|	|------ 129(0, 0)
|	|	|------ 129(0, 1)
|	|	|------ 129(0, 2)
|	|	|------ 129(0, 3)
|	|	|------ 129(0, 4)
|	|	|------ 131(0, 5)
|	|	|------ 133(0, 6)
|	|	|------ 133(0, 7)
|	|	|------ 129(1, 0)
|	|	|------ 129(1, 1)
|	|	|------ 129(1, 2)
|	|	|------ 131(1, 4)
|	|	|------ 140(1, 5)
|------ 139(1, 4)
|	|------ 145(0, 0)
|	|	|------ 136(0, 1)
|	|	|------ 134(0, 2)
|	|	|------ 134(0, 3)
|	|	|------ 134(0, 4)
|	|	|------ 136(0, 5)
|	|	|------ 136(0, 6)
|	|	|------ 136(0, 7)
|	|	|------ 136(1, 0)
|	|	|------ 138(1, 1)
|	|	|------ 136(1, 2)
|	|	|------ 136(1, 3)
|	|	|------ 143(1, 5)
|	|	|------ 145(1, 7)
|	|------ 145(0, 1)
|	|	|------ 136(0, 0)
|	|	|------ 136(0, 2)
|	|	|------ 134(0, 3)
|	|	|------ 134(0, 4)
|	|	|------ 136(0, 5)
|	|	|------ 136(0, 6)
|	|	|------ 136(0, 7)
|	|	|------ 136(1, 0)
|	|	|------ 138(1, 1)
|	|	|------ 138(1, 2)
|	|	|------ 136(1, 3)
|	|	|------ 143(1, 5)
|	|	|------ 145(1, 7)
|	|------ 145(0, 2)
|	|	|------ 134(0, 0)
|	|	|------ 136(0, 1)
|	|	|------ 136(0, 3)
|	|	|------ 134(0, 4)
|	|	|------ 136(0, 5)
|	|	|------ 136(0, 6)
|	|	|------ 136(0, 7)
|	|	|------ 134(1, 0)
|	|	|------ 138(1, 1)
|	|	|------ 138(1, 2)
|	|	|------ 138(1, 3)
|	|	|------ 143(1, 5)
|	|	|------ 145(1, 7)
|	|------ 143(0, 3)
|	|	|------ 132(0, 0)
|	|	|------ 132(0, 1)
|	|	|------ 134(0, 2)
|	|	|------ 136(0, 4)
|	|	|------ 136(0, 5)
|	|	|------ 134(0, 6)
|	|	|------ 134(0, 7)
|	|	|------ 132(1, 0)
|	|	|------ 134(1, 1)
|	|	|------ 136(1, 2)
|	|	|------ 138(1, 3)
|	|	|------ 143(1, 5)
|	|	|------ 143(1, 7)
|	|------ 145(0, 4)
|	|	|------ 132(0, 0)
|	|	|------ 132(0, 1)
|	|	|------ 132(0, 2)
|	|	|------ 136(0, 3)
|	|	|------ 138(0, 5)
|	|	|------ 134(0, 6)
|	|	|------ 134(0, 7)
|	|	|------ 132(1, 0)
|	|	|------ 134(1, 1)
|	|	|------ 134(1, 2)
|	|	|------ 138(1, 3)
|	|	|------ 145(1, 5)
|	|	|------ 143(1, 7)
|	|------ 145(0, 5)
|	|	|------ 132(0, 0)
|	|	|------ 132(0, 1)
|	|	|------ 132(0, 2)
|	|	|------ 134(0, 3)
|	|	|------ 136(0, 4)
|	|	|------ 136(0, 6)
|	|	|------ 134(0, 7)
|	|	|------ 132(1, 0)
|	|	|------ 134(1, 1)
|	|	|------ 134(1, 2)
|	|	|------ 136(1, 3)
|	|	|------ 145(1, 5)
|	|	|------ 143(1, 7)
|	|------ 147(0, 6)
|	|	|------ 134(0, 0)
|	|	|------ 134(0, 1)
|	|	|------ 134(0, 2)
|	|	|------ 134(0, 3)
|	|	|------ 134(0, 4)
|	|	|------ 138(0, 5)
|	|	|------ 138(0, 7)
|	|	|------ 134(1, 0)
|	|	|------ 136(1, 1)
|	|	|------ 136(1, 2)
|	|	|------ 136(1, 3)
|	|	|------ 145(1, 5)
|	|	|------ 147(1, 7)
|	|------ 147(0, 7)
|	|	|------ 134(0, 0)
|	|	|------ 134(0, 1)
|	|	|------ 134(0, 2)
|	|	|------ 134(0, 3)
|	|	|------ 134(0, 4)
|	|	|------ 136(0, 5)
|	|	|------ 138(0, 6)
|	|	|------ 134(1, 0)
|	|	|------ 136(1, 1)
|	|	|------ 136(1, 2)
|	|	|------ 136(1, 3)
|	|	|------ 143(1, 5)
|	|	|------ 147(1, 7)
|	|------ 143(1, 0)
|	|	|------ 132(0, 0)
|	|	|------ 132(0, 1)
|	|	|------ 130(0, 2)
|	|	|------ 130(0, 3)
|	|	|------ 130(0, 4)
|	|	|------ 132(0, 5)
|	|	|------ 132(0, 6)
|	|	|------ 132(0, 7)
|	|	|------ 143(1, 1)
|	|	|------ 134(1, 2)
|	|	|------ 132(1, 3)
|	|	|------ 139(1, 5)
|	|	|------ 141(1, 7)
|	|------ 141(1, 1)
|	|	|------ 132(0, 0)
|	|	|------ 132(0, 1)
|	|	|------ 132(0, 2)
|	|	|------ 130(0, 3)
|	|	|------ 130(0, 4)
|	|	|------ 132(0, 5)
|	|	|------ 132(0, 6)
|	|	|------ 132(0, 7)
|	|	|------ 141(1, 0)
|	|	|------ 136(1, 2)
|	|	|------ 132(1, 3)
|	|	|------ 139(1, 5)
|	|	|------ 141(1, 7)
|	|------ 141(1, 2)
|	|	|------ 130(0, 0)
|	|	|------ 132(0, 1)
|	|	|------ 132(0, 2)
|	|	|------ 132(0, 3)
|	|	|------ 130(0, 4)
|	|	|------ 132(0, 5)
|	|	|------ 132(0, 6)
|	|	|------ 132(0, 7)
|	|	|------ 132(1, 0)
|	|	|------ 136(1, 1)
|	|	|------ 141(1, 3)
|	|	|------ 139(1, 5)
|	|	|------ 141(1, 7)
|	|------ 146(1, 3)
|	|	|------ 128(0, 0)
|	|	|------ 128(0, 1)
|	|	|------ 130(0, 2)
|	|	|------ 132(0, 3)
|	|	|------ 132(0, 4)
|	|	|------ 132(0, 5)
|	|	|------ 130(0, 6)
|	|	|------ 130(0, 7)
|	|	|------ 128(1, 0)
|	|	|------ 130(1, 1)
|	|	|------ 139(1, 2)
|	|	|------ 146(1, 5)
|	|	|------ 139(1, 7)
|	|------ 139(1, 5)
|	|	|------ 123(0, 0)
|	|	|------ 123(0, 1)
|	|	|------ 123(0, 2)
|	|	|------ 125(0, 3)
|	|	|------ 127(0, 4)
|	|	|------ 129(0, 5)
|	|	|------ 127(0, 6)
|	|	|------ 125(0, 7)
|	|	|------ 123(1, 0)
|	|	|------ 125(1, 1)
|	|	|------ 125(1, 2)
|	|	|------ 134(1, 3)
|	|	|------ 139(1, 7)
|	|------ 143(1, 7)
|	|	|------ 129(0, 0)
|	|	|------ 129(0, 1)
|	|	|------ 129(0, 2)
|	|	|------ 129(0, 3)
|	|	|------ 129(0, 4)
|	|	|------ 131(0, 5)
|	|	|------ 133(0, 6)
|	|	|------ 133(0, 7)
|	|	|------ 129(1, 0)
|	|	|------ 131(1, 1)
|	|	|------ 131(1, 2)
|	|	|------ 131(1, 3)
|	|	|------ 143(1, 5)
|------ 129(1, 5)
|	|------ 150(0, 0)
|	|	|------ 140(0, 1)
|	|	|------ 138(0, 2)
|	|	|------ 138(0, 3)
|	|	|------ 138(0, 4)
|	|	|------ 138(0, 5)
|	|	|------ 138(0, 6)
|	|	|------ 138(0, 7)
|	|	|------ 140(1, 0)
|	|	|------ 142(1, 1)
|	|	|------ 140(1, 2)
|	|	|------ 140(1, 3)
|	|	|------ 143(1, 4)
|	|	|------ 150(1, 7)
|	|------ 150(0, 1)
|	|	|------ 140(0, 0)
|	|	|------ 140(0, 2)
|	|	|------ 138(0, 3)
|	|	|------ 138(0, 4)
|	|	|------ 138(0, 5)
|	|	|------ 138(0, 6)
|	|	|------ 138(0, 7)
|	|	|------ 140(1, 0)
|	|	|------ 142(1, 1)
|	|	|------ 142(1, 2)
|	|	|------ 140(1, 3)
|	|	|------ 143(1, 4)
|	|	|------ 150(1, 7)
|	|------ 150(0, 2)
|	|	|------ 138(0, 0)
|	|	|------ 140(0, 1)
|	|	|------ 140(0, 3)
|	|	|------ 138(0, 4)
|	|	|------ 138(0, 5)
|	|	|------ 138(0, 6)
|	|	|------ 138(0, 7)
|	|	|------ 138(1, 0)
|	|	|------ 142(1, 1)
|	|	|------ 142(1, 2)
|	|	|------ 142(1, 3)
|	|	|------ 143(1, 4)
|	|	|------ 150(1, 7)
|	|------ 150(0, 3)
|	|	|------ 138(0, 0)
|	|	|------ 138(0, 1)
|	|	|------ 140(0, 2)
|	|	|------ 140(0, 4)
|	|	|------ 138(0, 5)
|	|	|------ 138(0, 6)
|	|	|------ 138(0, 7)
|	|	|------ 138(1, 0)
|	|	|------ 140(1, 1)
|	|	|------ 142(1, 2)
|	|	|------ 142(1, 3)
|	|	|------ 145(1, 4)
|	|	|------ 150(1, 7)
|	|------ 148(0, 4)
|	|	|------ 136(0, 0)
|	|	|------ 136(0, 1)
|	|	|------ 136(0, 2)
|	|	|------ 138(0, 3)
|	|	|------ 140(0, 5)
|	|	|------ 138(0, 6)
|	|	|------ 136(0, 7)
|	|	|------ 136(1, 0)
|	|	|------ 138(1, 1)
|	|	|------ 138(1, 2)
|	|	|------ 140(1, 3)
|	|	|------ 145(1, 4)
|	|	|------ 148(1, 7)
|	|------ 148(0, 5)
|	|	|------ 134(0, 0)
|	|	|------ 134(0, 1)
|	|	|------ 134(0, 2)
|	|	|------ 134(0, 3)
|	|	|------ 138(0, 4)
|	|	|------ 140(0, 6)
|	|	|------ 136(0, 7)
|	|	|------ 134(1, 0)
|	|	|------ 136(1, 1)
|	|	|------ 136(1, 2)
|	|	|------ 136(1, 3)
|	|	|------ 143(1, 4)
|	|	|------ 148(1, 7)
|	|------ 150(0, 6)
|	|	|------ 134(0, 0)
|	|	|------ 134(0, 1)
|	|	|------ 134(0, 2)
|	|	|------ 134(0, 3)
|	|	|------ 136(0, 4)
|	|	|------ 140(0, 5)
|	|	|------ 138(0, 7)
|	|	|------ 134(1, 0)
|	|	|------ 136(1, 1)
|	|	|------ 136(1, 2)
|	|	|------ 136(1, 3)
|	|	|------ 141(1, 4)
|	|	|------ 150(1, 7)
|	|------ 152(0, 7)
|	|	|------ 136(0, 0)
|	|	|------ 136(0, 1)
|	|	|------ 136(0, 2)
|	|	|------ 136(0, 3)
|	|	|------ 136(0, 4)
|	|	|------ 138(0, 5)
|	|	|------ 140(0, 6)
|	|	|------ 136(1, 0)
|	|	|------ 138(1, 1)
|	|	|------ 138(1, 2)
|	|	|------ 138(1, 3)
|	|	|------ 141(1, 4)
|	|	|------ 152(1, 7)
|	|------ 147(1, 0)
|	|	|------ 136(0, 0)
|	|	|------ 136(0, 1)
|	|	|------ 134(0, 2)
|	|	|------ 134(0, 3)
|	|	|------ 134(0, 4)
|	|	|------ 134(0, 5)
|	|	|------ 134(0, 6)
|	|	|------ 134(0, 7)
|	|	|------ 147(1, 1)
|	|	|------ 138(1, 2)
|	|	|------ 136(1, 3)
|	|	|------ 139(1, 4)
|	|	|------ 146(1, 7)
|	|------ 146(1, 1)
|	|	|------ 136(0, 0)
|	|	|------ 136(0, 1)
|	|	|------ 136(0, 2)
|	|	|------ 134(0, 3)
|	|	|------ 134(0, 4)
|	|	|------ 134(0, 5)
|	|	|------ 134(0, 6)
|	|	|------ 134(0, 7)
|	|	|------ 145(1, 0)
|	|	|------ 140(1, 2)
|	|	|------ 136(1, 3)
|	|	|------ 139(1, 4)
|	|	|------ 146(1, 7)
|	|------ 146(1, 2)
|	|	|------ 134(0, 0)
|	|	|------ 136(0, 1)
|	|	|------ 136(0, 2)
|	|	|------ 136(0, 3)
|	|	|------ 134(0, 4)
|	|	|------ 134(0, 5)
|	|	|------ 134(0, 6)
|	|	|------ 134(0, 7)
|	|	|------ 136(1, 0)
|	|	|------ 140(1, 1)
|	|	|------ 140(1, 3)
|	|	|------ 141(1, 4)
|	|	|------ 146(1, 7)
|	|------ 150(1, 3)
|	|	|------ 134(0, 0)
|	|	|------ 134(0, 1)
|	|	|------ 136(0, 2)
|	|	|------ 136(0, 3)
|	|	|------ 136(0, 4)
|	|	|------ 134(0, 5)
|	|	|------ 134(0, 6)
|	|	|------ 134(0, 7)
|	|	|------ 134(1, 0)
|	|	|------ 136(1, 1)
|	|	|------ 140(1, 2)
|	|	|------ 150(1, 4)
|	|	|------ 146(1, 7)
|	|------ 138(1, 4)
|	|	|------ 125(0, 0)
|	|	|------ 125(0, 1)
|	|	|------ 125(0, 2)
|	|	|------ 127(0, 3)
|	|	|------ 129(0, 4)
|	|	|------ 129(0, 5)
|	|	|------ 127(0, 6)
|	|	|------ 125(0, 7)
|	|	|------ 125(1, 0)
|	|	|------ 127(1, 1)
|	|	|------ 129(1, 2)
|	|	|------ 138(1, 3)
|	|	|------ 137(1, 7)
|	|------ 129(1, 7)
|	|	|------ 124(0, 0)
|	|	|------ 124(0, 1)
|	|	|------ 124(0, 2)
|	|	|------ 124(0, 3)
|	|	|------ 124(0, 4)
|	|	|------ 126(0, 5)
|	|	|------ 128(0, 6)
|	|	|------ 128(0, 7)
|	|	|------ 124(1, 0)
|	|	|------ 126(1, 1)
|	|	|------ 126(1, 2)
|	|	|------ 126(1, 3)
|	|	|------ 129(1, 4)
|------ 143(1, 7)
|	|------ 150(0, 0)
|	|	|------ 145(0, 1)
|	|	|------ 143(0, 2)
|	|	|------ 143(0, 3)
|	|	|------ 143(0, 4)
|	|	|------ 143(0, 5)
|	|	|------ 143(0, 6)
|	|	|------ 143(0, 7)
|	|	|------ 145(1, 0)
|	|	|------ 147(1, 1)
|	|	|------ 145(1, 2)
|	|	|------ 145(1, 3)
|	|	|------ 145(1, 4)
|	|	|------ 150(1, 5)
|	|------ 150(0, 1)
|	|	|------ 145(0, 0)
|	|	|------ 145(0, 2)
|	|	|------ 143(0, 3)
|	|	|------ 143(0, 4)
|	|	|------ 143(0, 5)
|	|	|------ 143(0, 6)
|	|	|------ 143(0, 7)
|	|	|------ 145(1, 0)
|	|	|------ 147(1, 1)
|	|	|------ 147(1, 2)
|	|	|------ 145(1, 3)
|	|	|------ 145(1, 4)
|	|	|------ 150(1, 5)
|	|------ 150(0, 2)
|	|	|------ 143(0, 0)
|	|	|------ 145(0, 1)
|	|	|------ 145(0, 3)
|	|	|------ 143(0, 4)
|	|	|------ 143(0, 5)
|	|	|------ 143(0, 6)
|	|	|------ 143(0, 7)
|	|	|------ 143(1, 0)
|	|	|------ 147(1, 1)
|	|	|------ 147(1, 2)
|	|	|------ 147(1, 3)
|	|	|------ 145(1, 4)
|	|	|------ 150(1, 5)
|	|------ 150(0, 3)
|	|	|------ 143(0, 0)
|	|	|------ 143(0, 1)
|	|	|------ 145(0, 2)
|	|	|------ 145(0, 4)
|	|	|------ 143(0, 5)
|	|	|------ 143(0, 6)
|	|	|------ 143(0, 7)
|	|	|------ 143(1, 0)
|	|	|------ 145(1, 1)
|	|	|------ 147(1, 2)
|	|	|------ 147(1, 3)
|	|	|------ 147(1, 4)
|	|	|------ 150(1, 5)
|	|------ 152(0, 4)
|	|	|------ 143(0, 0)
|	|	|------ 143(0, 1)
|	|	|------ 143(0, 2)
|	|	|------ 145(0, 3)
|	|	|------ 145(0, 5)
|	|	|------ 143(0, 6)
|	|	|------ 143(0, 7)
|	|	|------ 143(1, 0)
|	|	|------ 145(1, 1)
|	|	|------ 145(1, 2)
|	|	|------ 147(1, 3)
|	|	|------ 147(1, 4)
|	|	|------ 152(1, 5)
|	|------ 152(0, 5)
|	|	|------ 141(0, 0)
|	|	|------ 141(0, 1)
|	|	|------ 141(0, 2)
|	|	|------ 141(0, 3)
|	|	|------ 143(0, 4)
|	|	|------ 145(0, 6)
|	|	|------ 143(0, 7)
|	|	|------ 141(1, 0)
|	|	|------ 143(1, 1)
|	|	|------ 143(1, 2)
|	|	|------ 143(1, 3)
|	|	|------ 145(1, 4)
|	|	|------ 152(1, 5)
|	|------ 155(0, 6)
|	|	|------ 139(0, 0)
|	|	|------ 139(0, 1)
|	|	|------ 139(0, 2)
|	|	|------ 139(0, 3)
|	|	|------ 139(0, 4)
|	|	|------ 143(0, 5)
|	|	|------ 155(0, 7)
|	|	|------ 139(1, 0)
|	|	|------ 141(1, 1)
|	|	|------ 141(1, 2)
|	|	|------ 141(1, 3)
|	|	|------ 141(1, 4)
|	|	|------ 150(1, 5)
|	|------ 155(0, 7)
|	|	|------ 139(0, 0)
|	|	|------ 139(0, 1)
|	|	|------ 139(0, 2)
|	|	|------ 139(0, 3)
|	|	|------ 139(0, 4)
|	|	|------ 141(0, 5)
|	|	|------ 155(0, 6)
|	|	|------ 139(1, 0)
|	|	|------ 141(1, 1)
|	|	|------ 141(1, 2)
|	|	|------ 141(1, 3)
|	|	|------ 141(1, 4)
|	|	|------ 148(1, 5)
|	|------ 152(1, 0)
|	|	|------ 141(0, 0)
|	|	|------ 141(0, 1)
|	|	|------ 139(0, 2)
|	|	|------ 139(0, 3)
|	|	|------ 139(0, 4)
|	|	|------ 139(0, 5)
|	|	|------ 139(0, 6)
|	|	|------ 139(0, 7)
|	|	|------ 152(1, 1)
|	|	|------ 143(1, 2)
|	|	|------ 141(1, 3)
|	|	|------ 141(1, 4)
|	|	|------ 146(1, 5)
|	|------ 150(1, 1)
|	|	|------ 141(0, 0)
|	|	|------ 141(0, 1)
|	|	|------ 141(0, 2)
|	|	|------ 139(0, 3)
|	|	|------ 139(0, 4)
|	|	|------ 139(0, 5)
|	|	|------ 139(0, 6)
|	|	|------ 139(0, 7)
|	|	|------ 150(1, 0)
|	|	|------ 145(1, 2)
|	|	|------ 141(1, 3)
|	|	|------ 141(1, 4)
|	|	|------ 146(1, 5)
|	|------ 146(1, 2)
|	|	|------ 139(0, 0)
|	|	|------ 141(0, 1)
|	|	|------ 141(0, 2)
|	|	|------ 141(0, 3)
|	|	|------ 139(0, 4)
|	|	|------ 139(0, 5)
|	|	|------ 139(0, 6)
|	|	|------ 139(0, 7)
|	|	|------ 141(1, 0)
|	|	|------ 145(1, 1)
|	|	|------ 145(1, 3)
|	|	|------ 143(1, 4)
|	|	|------ 146(1, 5)
|	|------ 148(1, 3)
|	|	|------ 139(0, 0)
|	|	|------ 139(0, 1)
|	|	|------ 141(0, 2)
|	|	|------ 141(0, 3)
|	|	|------ 141(0, 4)
|	|	|------ 139(0, 5)
|	|	|------ 139(0, 6)
|	|	|------ 139(0, 7)
|	|	|------ 139(1, 0)
|	|	|------ 141(1, 1)
|	|	|------ 145(1, 2)
|	|	|------ 147(1, 4)
|	|	|------ 148(1, 5)
|	|------ 155(1, 4)
|	|	|------ 139(0, 0)
|	|	|------ 139(0, 1)
|	|	|------ 139(0, 2)
|	|	|------ 141(0, 3)
|	|	|------ 141(0, 4)
|	|	|------ 141(0, 5)
|	|	|------ 139(0, 6)
|	|	|------ 139(0, 7)
|	|	|------ 139(1, 0)
|	|	|------ 141(1, 1)
|	|	|------ 143(1, 2)
|	|	|------ 147(1, 3)
|	|	|------ 155(1, 5)
|	|------ 143(1, 5)
|	|	|------ 132(0, 0)
|	|	|------ 132(0, 1)
|	|	|------ 132(0, 2)
|	|	|------ 132(0, 3)
|	|	|------ 134(0, 4)
|	|	|------ 136(0, 5)
|	|	|------ 136(0, 6)
|	|	|------ 134(0, 7)
|	|	|------ 132(1, 0)
|	|	|------ 134(1, 1)
|	|	|------ 134(1, 2)
|	|	|------ 136(1, 3)
|	|	|------ 143(1, 4)
|