150None
|------ 136(0, 0)
|	|------ 158(0, 1)
|	|	|------ 134(0, 2)
|	|	|------ 132(0, 3)
|	|	|------ 130(0, 4)
|	|	|------ 132(0, 5)
|	|	|------ 130(0, 6)
|	|	|------ 130(0, 7)
|	|	|------ 158(1, 0)
|	|------ 144(0, 2)
|	|	|------ 134(0, 1)
|	|	|------ 136(0, 3)
|	|	|------ 132(0, 4)
|	|	|------ 132(0, 5)
|	|	|------ 130(0, 6)
|	|	|------ 130(0, 7)
|	|	|------ 144(1, 0)
|	|------ 144(0, 3)
|	|	|------ 132(0, 1)
|	|	|------ 136(0, 2)
|	|	|------ 136(0, 4)
|	|	|------ 134(0, 5)
|	|	|------ 132(0, 6)
|	|	|------ 132(0, 7)
|	|	|------ 144(1, 0)
|	|------ 142(0, 4)
|	|	|------ 130(0, 1)
|	|	|------ 132(0, 2)
|	|	|------ 136(0, 3)
|	|	|------ 136(0, 5)
|	|	|------ 132(0, 6)
|	|	|------ 130(0, 7)
|	|	|------ 142(1, 0)
|	|------ 144(0, 5)
|	|	|------ 132(0, 1)
|	|	|------ 132(0, 2)
|	|	|------ 134(0, 3)
|	|	|------ 136(0, 4)
|	|	|------ 136(0, 6)
|	|	|------ 132(0, 7)
|	|	|------ 144(1, 0)
|	|------ 144(0, 6)
|	|	|------ 130(0, 1)
|	|	|------ 130(0, 2)
|	|	|------ 132(0, 3)
|	|	|------ 132(0, 4)
|	|	|------ 136(0, 5)
|	|	|------ 144(0, 7)
|	|	|------ 142(1, 0)
|	|------ 146(0, 7)
|	|	|------ 132(0, 1)
|	|	|------ 132(0, 2)
|	|	|------ 134(0, 3)
|	|	|------ 132(0, 4)
|	|	|------ 134(0, 5)
|	|	|------ 146(0, 6)
|	|	|------ 144(1, 0)
|	|------ 136(1, 0)
|	|	|------ 136(0, 1)
|	|	|------ 122(0, 2)
|	|	|------ 122(0, 3)
|	|	|------ 120(0, 4)
|	|	|------ 122(0, 5)
|	|	|------ 120(0, 6)
|	|	|------ 120(0, 7)
|------ 136(0, 1)
|	|------ 160(0, 0)
|	|	|------ 134(0, 2)
|	|	|------ 132(0, 3)
|	|	|------ 132(0, 4)
|	|	|------ 134(0, 5)
|	|	|------ 132(0, 6)
|	|	|------ 132(0, 7)
|	|	|------ 160(1, 0)
|	|------ 144(0, 2)
|	|	|------ 130(0, 0)
|	|	|------ 144(0, 3)
|	|	|------ 130(0, 4)
|	|	|------ 130(0, 5)
|	|	|------ 128(0, 6)
|	|	|------ 128(0, 7)
|	|	|------ 144(1, 0)
|	|------ 146(0, 3)
|	|	|------ 130(0, 0)
|	|	|------ 146(0, 2)
|	|	|------ 136(0, 4)
|	|	|------ 134(0, 5)
|	|	|------ 132(0, 6)
|	|	|------ 132(0, 7)
|	|	|------ 144(1, 0)
|	|------ 144(0, 4)
|	|	|------ 130(0, 0)
|	|	|------ 132(0, 2)
|	|	|------ 136(0, 3)
|	|	|------ 138(0, 5)
|	|	|------ 134(0, 6)
|	|	|------ 132(0, 7)
|	|	|------ 144(1, 0)
|	|------ 146(0, 5)
|	|	|------ 132(0, 0)
|	|	|------ 132(0, 2)
|	|	|------ 134(0, 3)
|	|	|------ 138(0, 4)
|	|	|------ 138(0, 6)
|	|	|------ 134(0, 7)
|	|	|------ 146(1, 0)
|	|------ 146(0, 6)
|	|	|------ 130(0, 0)
|	|	|------ 130(0, 2)
|	|	|------ 132(0, 3)
|	|	|------ 134(0, 4)
|	|	|------ 138(0, 5)
|	|	|------ 146(0, 7)
|	|	|------ 144(1, 0)
|	|------ 148(0, 7)
|	|	|------ 132(0, 0)
|	|	|------ 132(0, 2)
|	|	|------ 134(0, 3)
|	|	|------ 134(0, 4)
|	|	|------ 136(0, 5)
|	|	|------ 148(0, 6)
|	|	|------ 146(1, 0)
|	|------ 136(1, 0)
|	|	|------ 136(0, 0)
|	|	|------ 124(0, 2)
|	|	|------ 122(0, 3)
|	|	|------ 122(0, 4)
|	|	|------ 124(0, 5)
|	|	|------ 122(0, 6)
|	|	|------ 122(0, 7)
|------ 126(0, 2)
|	|------ 150(0, 0)
|	|	|------ 136(0, 1)
|	|	|------ 134(0, 3)
|	|	|------ 134(0, 4)
|	|	|------ 136(0, 5)
|	|	|------ 134(0, 6)
|	|	|------ 134(0, 7)
|	|	|------ 150(1, 0)
|	|------ 146(0, 1)
|	|	|------ 132(0, 0)
|	|	|------ 144(0, 3)
|	|	|------ 130(0, 4)
|	|	|------ 132(0, 5)
|	|	|------ 130(0, 6)
|	|	|------ 130(0, 7)
|	|	|------ 146(1, 0)
|	|------ 144(0, 3)
|	|	|------ 128(0, 0)
|	|	|------ 142(0, 1)
|	|	|------ 144(0, 4)
|	|	|------ 132(0, 5)
|	|	|------ 130(0, 6)
|	|	|------ 130(0, 7)
|	|	|------ 142(1, 0)
|	|------ 146(0, 4)
|	|	|------ 130(0, 0)
|	|	|------ 130(0, 1)
|	|	|------ 146(0, 3)
|	|	|------ 138(0, 5)
|	|	|------ 134(0, 6)
|	|	|------ 132(0, 7)
|	|	|------ 144(1, 0)
|	|------ 146(0, 5)
|	|	|------ 132(0, 0)
|	|	|------ 132(0, 1)
|	|	|------ 134(0, 3)
|	|	|------ 138(0, 4)
|	|	|------ 138(0, 6)
|	|	|------ 134(0, 7)
|	|	|------ 146(1, 0)
|	|------ 146(0, 6)
|	|	|------ 130(0, 0)
|	|	|------ 130(0, 1)
|	|	|------ 132(0, 3)
|	|	|------ 134(0, 4)
|	|	|------ 138(0, 5)
|	|	|------ 146(0, 7)
|	|	|------ 144(1, 0)
|	|------ 148(0, 7)
|	|	|------ 132(0, 0)
|	|	|------ 132(0, 1)
|	|	|------ 134(0, 3)
|	|	|------ 134(0, 4)
|	|	|------ 136(0, 5)
|	|	|------ 148(0, 6)
|	|	|------ 146(1, 0)
|	|------ 126(1, 0)
|	|	|------ 126(0, 0)
|	|	|------ 126(0, 1)
|	|	|------ 124(0, 3)
|	|	|------ 124(0, 4)
|	|	|------ 126(0, 5)
|	|	|------ 124(0, 6)
|	|	|------ 124(0, 7)
|------ 128(0, 3)
|	|------ 152(0, 0)
|	|	|------ 138(0, 1)
|	|	|------ 136(0, 2)
|	|	|------ 134(0, 4)
|	|	|------ 136(0, 5)
|	|	|------ 136(0, 6)
|	|	|------ 136(0, 7)
|	|	|------ 152(1, 0)
|	|------ 150(0, 1)
|	|	|------ 136(0, 0)
|	|	|------ 148(0, 2)
|	|	|------ 132(0, 4)
|	|	|------ 134(0, 5)
|	|	|------ 134(0, 6)
|	|	|------ 134(0, 7)
|	|	|------ 150(1, 0)
|	|------ 144(0, 2)
|	|	|------ 130(0, 0)
|	|	|------ 144(0, 1)
|	|	|------ 142(0, 4)
|	|	|------ 130(0, 5)
|	|	|------ 130(0, 6)
|	|	|------ 130(0, 7)
|	|	|------ 144(1, 0)
|	|------ 144(0, 4)
|	|	|------ 128(0, 0)
|	|	|------ 128(0, 1)
|	|	|------ 142(0, 2)
|	|	|------ 144(0, 5)
|	|	|------ 130(0, 6)
|	|	|------ 128(0, 7)
|	|	|------ 142(1, 0)
|	|------ 146(0, 5)
|	|	|------ 132(0, 0)
|	|	|------ 132(0, 1)
|	|	|------ 132(0, 2)
|	|	|------ 146(0, 4)
|	|	|------ 136(0, 6)
|	|	|------ 132(0, 7)
|	|	|------ 146(1, 0)
|	|------ 146(0, 6)
|	|	|------ 132(0, 0)
|	|	|------ 132(0, 1)
|	|	|------ 132(0, 2)
|	|	|------ 132(0, 4)
|	|	|------ 136(0, 5)
|	|	|------ 146(0, 7)
|	|	|------ 146(1, 0)
|	|------ 148(0, 7)
|	|	|------ 134(0, 0)
|	|	|------ 134(0, 1)
|	|	|------ 134(0, 2)
|	|	|------ 132(0, 4)
|	|	|------ 134(0, 5)
|	|	|------ 148(0, 6)
|	|	|------ 148(1, 0)
|	|------ 128(1, 0)
|	|	|------ 128(0, 0)
|	|	|------ 128(0, 1)
|	|	|------ 126(0, 2)
|	|	|------ 124(0, 4)
|	|	|------ 126(0, 5)
|	|	|------ 126(0, 6)
|	|	|------ 126(0, 7)
|------ 128(0, 4)
|	|------ 150(0, 0)
|	|	|------ 138(0, 1)
|	|	|------ 136(0, 2)
|	|	|------ 134(0, 3)
|	|	|------ 134(0, 5)
|	|	|------ 134(0, 6)
|	|	|------ 134(0, 7)
|	|	|------ 150(1, 0)
|	|------ 150(0, 1)
|	|	|------ 136(0, 0)
|	|	|------ 138(0, 2)
|	|	|------ 134(0, 3)
|	|	|------ 134(0, 5)
|	|	|------ 134(0, 6)
|	|	|------ 134(0, 7)
|	|	|------ 150(1, 0)
|	|------ 146(0, 2)
|	|	|------ 132(0, 0)
|	|	|------ 136(0, 1)
|	|	|------ 146(0, 3)
|	|	|------ 132(0, 5)
|	|	|------ 132(0, 6)
|	|	|------ 132(0, 7)
|	|	|------ 146(1, 0)
|	|------ 144(0, 3)
|	|	|------ 128(0, 0)
|	|	|------ 130(0, 1)
|	|	|------ 144(0, 2)
|	|	|------ 142(0, 5)
|	|	|------ 128(0, 6)
|	|	|------ 128(0, 7)
|	|	|------ 142(1, 0)
|	|------ 142(0, 5)
|	|	|------ 128(0, 0)
|	|	|------ 130(0, 1)
|	|	|------ 130(0, 2)
|	|	|------ 142(0, 3)
|	|	|------ 142(0, 6)
|	|	|------ 128(0, 7)
|	|	|------ 142(1, 0)
|	|------ 144(0, 6)
|	|	|------ 130(0, 0)
|	|	|------ 132(0, 1)
|	|	|------ 132(0, 2)
|	|	|------ 130(0, 3)
|	|	|------ 144(0, 5)
|	|	|------ 144(0, 7)
|	|	|------ 144(1, 0)
|	|------ 146(0, 7)
|	|	|------ 132(0, 0)
|	|	|------ 134(0, 1)
|	|	|------ 134(0, 2)
|	|	|------ 132(0, 3)
|	|	|------ 132(0, 5)
|	|	|------ 146(0, 6)
|	|	|------ 146(1, 0)
|	|------ 128(1, 0)
|	|	|------ 126(0, 0)
|	|	|------ 128(0, 1)
|	|	|------ 126(0, 2)
|	|	|------ 124(0, 3)
|	|	|------ 124(0, 5)
|	|	|------ 124(0, 6)
|	|	|------ 124(0, 7)
|------ 130(0, 5)
|	|------ 152(0, 0)
|	|	|------ 140(0, 1)
|	|	|------ 138(0, 2)
|	|	|------ 136(0, 3)
|	|	|------ 134(0, 4)
|	|	|------ 134(0, 6)
|	|	|------ 134(0, 7)
|	|	|------ 152(1, 0)
|	|------ 152(0, 1)
|	|	|------ 138(0, 0)
|	|	|------ 140(0, 2)
|	|	|------ 136(0, 3)
|	|	|------ 134(0, 4)
|	|	|------ 134(0, 6)
|	|	|------ 134(0, 7)
|	|	|------ 152(1, 0)
|	|------ 148(0, 2)
|	|	|------ 134(0, 0)
|	|	|------ 138(0, 1)
|	|	|------ 138(0, 3)
|	|	|------ 134(0, 4)
|	|	|------ 132(0, 6)
|	|	|------ 132(0, 7)
|	|	|------ 148(1, 0)
|	|------ 146(0, 3)
|	|	|------ 132(0, 0)
|	|	|------ 134(0, 1)
|	|	|------ 138(0, 2)
|	|	|------ 146(0, 4)
|	|	|------ 130(0, 6)
|	|	|------ 130(0, 7)
|	|	|------ 146(1, 0)
|	|------ 144(0, 4)
|	|	|------ 128(0, 0)
|	|	|------ 130(0, 1)
|	|	|------ 132(0, 2)
|	|	|------ 144(0, 3)
|	|	|------ 140(0, 6)
|	|	|------ 126(0, 7)
|	|	|------ 142(1, 0)
|	|------ 152(0, 6)
|	|	|------ 128(0, 0)
|	|	|------ 130(0, 1)
|	|	|------ 130(0, 2)
|	|	|------ 128(0, 3)
|	|	|------ 140(0, 4)
|	|	|------ 152(0, 7)
|	|	|------ 142(1, 0)
|	|------ 156(0, 7)
|	|	|------ 132(0, 0)
|	|	|------ 134(0, 1)
|	|	|------ 134(0, 2)
|	|	|------ 132(0, 3)
|	|	|------ 130(0, 4)
|	|	|------ 156(0, 6)
|	|	|------ 146(1, 0)
|	|------ 130(1, 0)
|	|	|------ 128(0, 0)
|	|	|------ 130(0, 1)
|	|	|------ 128(0, 2)
|	|	|------ 126(0, 3)
|	|	|------ 124(0, 4)
|	|	|------ 124(0, 6)
|	|	|------ 124(0, 7)
|------ 132(0, 6)
|	|------ 150(0, 0)
|	|	|------ 138(0, 1)
|	|	|------ 136(0, 2)
|	|	|------ 136(0, 3)
|	|	|------ 134(0, 4)
|	|	|------ 134(0, 5)
|	|	|------ 142(0, 7)
|	|	|------ 150(1, 0)
|	|------ 150(0, 1)
|	|	|------ 136(0, 0)
|	|	|------ 138(0, 2)
|	|	|------ 136(0, 3)
|	|	|------ 134(0, 4)
|	|	|------ 134(0, 5)
|	|	|------ 142(0, 7)
|	|	|------ 150(1, 0)
|	|------ 146(0, 2)
|	|	|------ 132(0, 0)
|	|	|------ 136(0, 1)
|	|	|------ 138(0, 3)
|	|	|------ 134(0, 4)
|	|	|------ 132(0, 5)
|	|	|------ 140(0, 7)
|	|	|------ 146(1, 0)
|	|------ 146(0, 3)
|	|	|------ 132(0, 0)
|	|	|------ 134(0, 1)
|	|	|------ 138(0, 2)
|	|	|------ 136(0, 4)
|	|	|------ 132(0, 5)
|	|	|------ 140(0, 7)
|	|	|------ 146(1, 0)
|	|------ 144(0, 4)
|	|	|------ 130(0, 0)
|	|	|------ 132(0, 1)
|	|	|------ 134(0, 2)
|	|	|------ 136(0, 3)
|	|	|------ 144(0, 5)
|	|	|------ 138(0, 7)
|	|	|------ 144(1, 0)
|	|------ 150(0, 5)
|	|	|------ 128(0, 0)
|	|	|------ 130(0, 1)
|	|	|------ 130(0, 2)
|	|	|------ 130(0, 3)
|	|	|------ 142(0, 4)
|	|	|------ 150(0, 7)
|	|	|------ 142(1, 0)
|	|------ 132(0, 7)
|	|	|------ 118(0, 0)
|	|	|------ 120(0, 1)
|	|	|------ 120(0, 2)
|	|	|------ 120(0, 3)
|	|	|------ 118(0, 4)
|	|	|------ 132(0, 5)
|	|	|------ 132(1, 0)
|	|------ 132(1, 0)
|	|	|------ 126(0, 0)
|	|	|------ 128(0, 1)
|	|	|------ 126(0, 2)
|	|	|------ 126(0, 3)
|	|	|------ 124(0, 4)
|	|	|------ 124(0, 5)
|	|	|------ 132(0, 7)
|------ 132(0, 7)
|	|------ 150(0, 0)
|	|	|------ 138(0, 1)
|	|	|------ 136(0, 2)
|	|	|------ 136(0, 3)
|	|	|------ 134(0, 4)
|	|	|------ 134(0, 5)
|	|	|------ 142(0, 6)
|	|	|------ 150(1, 0)
|	|------ 150(0, 1)
|	|	|------ 136(0, 0)
|	|	|------ 138(0, 2)
|	|	|------ 136(0, 3)
|	|	|------ 134(0, 4)
|	|	|------ 134(0, 5)
|	|	|------ 142(0, 6)
|	|	|------ 150(1, 0)
|	|------ 146(0, 2)
|	|	|------ 132(0, 0)
|	|	|------ 136(0, 1)
|	|	|------ 138(0, 3)
|	|	|------ 134(0, 4)
|	|	|------ 132(0, 5)
|	|	|------ 140(0, 6)
|	|	|------ 146(1, 0)
|	|------ 146(0, 3)
|	|	|------ 132(0, 0)
|	|	|------ 134(0, 1)
|	|	|------ 138(0, 2)
|	|	|------ 136(0, 4)
|	|	|------ 132(0, 5)
|	|	|------ 140(0, 6)
|	|	|------ 146(1, 0)
|	|------ 144(0, 4)
|	|	|------ 130(0, 0)
|	|	|------ 132(0, 1)
|	|	|------ 134(0, 2)
|	|	|------ 136(0, 3)
|	|	|------ 134(0, 5)
|	|	|------ 140(0, 6)
|	|	|------ 144(1, 0)
|	|------ 154(0, 5)
|	|	|------ 130(0, 0)
|	|	|------ 132(0, 1)
|	|	|------ 132(0, 2)
|	|	|------ 132(0, 3)
|	|	|------ 134(0, 4)
|	|	|------ 154(0, 6)
|	|	|------ 144(1, 0)
|	|------ 132(0, 6)
|	|	|------ 116(0, 0)
|	|	|------ 118(0, 1)
|	|	|------ 118(0, 2)
|	|	|------ 118(0, 3)
|	|	|------ 118(0, 4)
|	|	|------ 132(0, 5)
|	|	|------ 130(1, 0)
|	|------ 132(1, 0)
|	|	|------ 126(0, 0)
|	|	|------ 128(0, 1)
|	|	|------ 126(0, 2)
|	|	|------ 126(0, 3)
|	|	|------ 124(0, 4)
|	|	|------ 124(0, 5)
|	|	|------ 132(0, 6)
|------ 150(1, 0)
|	|------ 160(0, 0)
|	|	|------ 160(0, 1)
|	|	|------ 146(0, 2)
|	|	|------ 146(0, 3)
|	|	|------ 144(0, 4)
|	|	|------ 146(0, 5)
|	|	|------ 144(0, 6)
|	|	|------ 144(0, 7)
|	|------ 158(0, 1)
|	|	|------ 158(0, 0)
|	|	|------ 148(0, 2)
|	|	|------ 146(0, 3)
|	|	|------ 144(0, 4)
|	|	|------ 146(0, 5)
|	|	|------ 144(0, 6)
|	|	|------ 144(0, 7)
|	|------ 150(0, 2)
|	|	|------ 144(0, 0)
|	|	|------ 148(0, 1)
|	|	|------ 150(0, 3)
|	|	|------ 146(0, 4)
|	|	|------ 146(0, 5)
|	|	|------ 144(0, 6)
|	|	|------ 144(0, 7)
|	|------ 150(0, 3)
|	|	|------ 144(0, 0)
|	|	|------ 146(0, 1)
|	|	|------ 150(0, 2)
|	|	|------ 150(0, 4)
|	|	|------ 148(0, 5)
|	|	|------ 146(0, 6)
|	|	|------ 146(0, 7)
|	|------ 150(0, 4)
|	|	|------ 142(0, 0)
|	|	|------ 144(0, 1)
|	|	|------ 146(0, 2)
|	|	|------ 150(0, 3)
|	|	|------ 150(0, 5)
|	|	|------ 146(0, 6)
|	|	|------ 144(0, 7)
|	|------ 150(0, 5)
|	|	|------ 144(0, 0)
|	|	|------ 146(0, 1)
|	|	|------ 146(0, 2)
|	|	|------ 148(0, 3)
|	|	|------ 150(0, 4)
|	|	|------ 150(0, 6)
|	|	|------ 146(0, 7)
|	|------ 158(0, 6)
|	|	|------ 142(0, 0)
|	|	|------ 144(0, 1)
|	|	|------ 144(0, 2)
|	|	|------ 146(0, 3)
|	|	|------ 146(0, 4)
|	|	|------ 150(0, 5)
|	|	|------ 158(0, 7)
|	|------ 160(0, 7)
|	|	|------ 144(0, 0)
|	|	|------ 146(0, 1)
|	|	|------ 146(0, 2)
|	|	|------ 148(0, 3)
|	|	|------ 146(0, 4)
|	|	|------ 148(0, 5)
|	|	|------ 160(0, 6)
|