164None
|------ 136(0, 0)
|	|------ 136(0, 1)
|	|	|------ 136(0, 3)
|	|	|------ 122(0, 4)
|	|	|------ 122(0, 5)
|	|	|------ 120(0, 6)
|	|	|------ 120(0, 7)
|	|------ 178(0, 3)
|	|	|------ 178(0, 1)
|	|	|------ 160(0, 4)
|	|	|------ 148(0, 5)
|	|	|------ 146(0, 6)
|	|	|------ 146(0, 7)
|	|------ 166(0, 4)
|	|	|------ 166(0, 1)
|	|	|------ 162(0, 3)
|	|	|------ 150(0, 5)
|	|	|------ 146(0, 6)
|	|	|------ 144(0, 7)
|	|------ 166(0, 5)
|	|	|------ 166(0, 1)
|	|	|------ 150(0, 3)
|	|	|------ 150(0, 4)
|	|	|------ 148(0, 6)
|	|	|------ 144(0, 7)
|	|------ 164(0, 6)
|	|	|------ 164(0, 1)
|	|	|------ 148(0, 3)
|	|	|------ 146(0, 4)
|	|	|------ 148(0, 5)
|	|	|------ 156(0, 7)
|	|------ 166(0, 7)
|	|	|------ 166(0, 1)
|	|	|------ 150(0, 3)
|	|	|------ 146(0, 4)
|	|	|------ 146(0, 5)
|	|	|------ 158(0, 6)
|------ 136(0, 1)
|	|------ 136(0, 0)
|	|	|------ 136(0, 3)
|	|	|------ 126(0, 4)
|	|	|------ 126(0, 5)
|	|	|------ 124(0, 6)
|	|	|------ 124(0, 7)
|	|------ 154(0, 3)
|	|	|------ 154(0, 0)
|	|	|------ 150(0, 4)
|	|	|------ 138(0, 5)
|	|	|------ 136(0, 6)
|	|	|------ 136(0, 7)
|	|------ 172(0, 4)
|	|	|------ 166(0, 0)
|	|	|------ 172(0, 3)
|	|	|------ 154(0, 5)
|	|	|------ 150(0, 6)
|	|	|------ 148(0, 7)
|	|------ 166(0, 5)
|	|	|------ 166(0, 0)
|	|	|------ 160(0, 3)
|	|	|------ 154(0, 4)
|	|	|------ 152(0, 6)
|	|	|------ 148(0, 7)
|	|------ 164(0, 6)
|	|	|------ 164(0, 0)
|	|	|------ 158(0, 3)
|	|	|------ 150(0, 4)
|	|	|------ 152(0, 5)
|	|	|------ 160(0, 7)
|	|------ 166(0, 7)
|	|	|------ 166(0, 0)
|	|	|------ 160(0, 3)
|	|	|------ 150(0, 4)
|	|	|------ 150(0, 5)
|	|	|------ 162(0, 6)
|------ 150(0, 3)
|	|------ 184(0, 0)
|	|	|------ 184(0, 1)
|	|	|------ 158(0, 4)
|	|	|------ 150(0, 5)
|	|	|------ 150(0, 6)
|	|	|------ 150(0, 7)
|	|------ 160(0, 1)
|	|	|------ 160(0, 0)
|	|	|------ 144(0, 4)
|	|	|------ 136(0, 5)
|	|	|------ 136(0, 6)
|	|	|------ 136(0, 7)
|	|------ 150(0, 4)
|	|	|------ 134(0, 0)
|	|	|------ 144(0, 1)
|	|	|------ 150(0, 5)
|	|	|------ 136(0, 6)
|	|	|------ 134(0, 7)
|	|------ 172(0, 5)
|	|	|------ 148(0, 0)
|	|	|------ 158(0, 1)
|	|	|------ 172(0, 4)
|	|	|------ 152(0, 6)
|	|	|------ 148(0, 7)
|	|------ 162(0, 6)
|	|	|------ 148(0, 0)
|	|	|------ 158(0, 1)
|	|	|------ 158(0, 4)
|	|	|------ 152(0, 5)
|	|	|------ 162(0, 7)
|	|------ 164(0, 7)
|	|	|------ 150(0, 0)
|	|	|------ 160(0, 1)
|	|	|------ 158(0, 4)
|	|	|------ 150(0, 5)
|	|	|------ 164(0, 6)
|------ 146(0, 4)
|	|------ 174(0, 0)
|	|	|------ 174(0, 1)
|	|	|------ 158(0, 3)
|	|	|------ 146(0, 5)
|	|	|------ 146(0, 6)
|	|	|------ 146(0, 7)
|	|------ 170(0, 1)
|	|	|------ 170(0, 0)
|	|	|------ 168(0, 3)
|	|	|------ 146(0, 5)
|	|	|------ 146(0, 6)
|	|	|------ 146(0, 7)
|	|------ 146(0, 3)
|	|	|------ 132(0, 0)
|	|	|------ 146(0, 1)
|	|	|------ 146(0, 5)
|	|	|------ 132(0, 6)
|	|	|------ 132(0, 7)
|	|------ 168(0, 5)
|	|	|------ 142(0, 0)
|	|	|------ 146(0, 1)
|	|	|------ 168(0, 3)
|	|	|------ 156(0, 6)
|	|	|------ 142(0, 7)
|	|------ 158(0, 6)
|	|	|------ 144(0, 0)
|	|	|------ 148(0, 1)
|	|	|------ 156(0, 3)
|	|	|------ 158(0, 5)
|	|	|------ 158(0, 7)
|	|------ 160(0, 7)
|	|	|------ 146(0, 0)
|	|	|------ 150(0, 1)
|	|	|------ 158(0, 3)
|	|	|------ 146(0, 5)
|	|	|------ 160(0, 6)
|------ 164(0, 5)
|	|------ 174(0, 0)
|	|	|------ 174(0, 1)
|	|	|------ 150(0, 3)
|	|	|------ 146(0, 4)
|	|	|------ 144(0, 6)
|	|	|------ 144(0, 7)
|	|------ 170(0, 1)
|	|	|------ 170(0, 0)
|	|	|------ 160(0, 3)
|	|	|------ 146(0, 4)
|	|	|------ 144(0, 6)
|	|	|------ 144(0, 7)
|	|------ 170(0, 3)
|	|	|------ 146(0, 0)
|	|	|------ 160(0, 1)
|	|	|------ 170(0, 4)
|	|	|------ 144(0, 6)
|	|	|------ 144(0, 7)
|	|------ 170(0, 4)
|	|	|------ 142(0, 0)
|	|	|------ 146(0, 1)
|	|	|------ 170(0, 3)
|	|	|------ 154(0, 6)
|	|	|------ 140(0, 7)
|	|------ 164(0, 6)
|	|	|------ 140(0, 0)
|	|	|------ 144(0, 1)
|	|	|------ 144(0, 3)
|	|	|------ 154(0, 4)
|	|	|------ 164(0, 7)
|	|------ 168(0, 7)
|	|	|------ 144(0, 0)
|	|	|------ 148(0, 1)
|	|	|------ 148(0, 3)
|	|	|------ 144(0, 4)
|	|	|------ 168(0, 6)
|------ 144(0, 6)
|	|------ 172(0, 0)
|	|	|------ 172(0, 1)
|	|	|------ 150(0, 3)
|	|	|------ 146(0, 4)
|	|	|------ 144(0, 5)
|	|	|------ 152(0, 7)
|	|------ 168(0, 1)
|	|	|------ 168(0, 0)
|	|	|------ 160(0, 3)
|	|	|------ 146(0, 4)
|	|	|------ 144(0, 5)
|	|	|------ 152(0, 7)
|	|------ 160(0, 3)
|	|	|------ 146(0, 0)
|	|	|------ 160(0, 1)
|	|	|------ 160(0, 4)
|	|	|------ 146(0, 5)
|	|	|------ 154(0, 7)
|	|------ 162(0, 4)
|	|	|------ 144(0, 0)
|	|	|------ 148(0, 1)
|	|	|------ 162(0, 3)
|	|	|------ 158(0, 5)
|	|	|------ 152(0, 7)
|	|------ 162(0, 5)
|	|	|------ 140(0, 0)
|	|	|------ 144(0, 1)
|	|	|------ 146(0, 3)
|	|	|------ 156(0, 4)
|	|	|------ 162(0, 7)
|	|------ 144(0, 7)
|	|	|------ 130(0, 0)
|	|	|------ 134(0, 1)
|	|	|------ 136(0, 3)
|	|	|------ 132(0, 4)
|	|	|------ 144(0, 5)
|------ 144(0, 7)
|	|------ 172(0, 0)
|	|	|------ 172(0, 1)
|	|	|------ 150(0, 3)
|	|	|------ 146(0, 4)
|	|	|------ 144(0, 5)
|	|	|------ 152(0, 6)
|	|------ 168(0, 1)
|	|	|------ 168(0, 0)
|	|	|------ 160(0, 3)
|	|	|------ 146(0, 4)
|	|	|------ 144(0, 5)
|	|	|------ 152(0, 6)
|	|------ 160(0, 3)
|	|	|------ 146(0, 0)
|	|	|------ 160(0, 1)
|	|	|------ 160(0, 4)
|	|	|------ 146(0, 5)
|	|	|------ 154(0, 6)
|	|------ 162(0, 4)
|	|	|------ 144(0, 0)
|	|	|------ 148(0, 1)
|	|	|------ 162(0, 3)
|	|	|------ 148(0, 5)
|	|	|------ 154(0, 6)
|	|------ 166(0, 5)
|	|	|------ 142(0, 0)
|	|	|------ 146(0, 1)
|	|	|------ 148(0, 3)
|	|	|------ 148(0, 4)
|	|	|------ 166(0, 6)
|	|------ 144(0, 6)
|	|	|------ 128(0, 0)
|	|	|------ 132(0, 1)
|	|	|------ 134(0, 3)
|	|	|------ 132(0, 4)
|	|	|------ 144(0, 5)
|