57None
|------ 33(6, 0)
|	|------ 33(6, 1)
|	|	|------ 33(6, 5)
|	|	|------ 21(6, 6)
|	|------ 75(6, 5)
|	|	|------ 75(6, 1)
|	|	|------ 67(6, 6)
|	|------ 91(6, 6)
|	|	|------ 87(6, 1)
|	|	|------ 91(6, 5)
|------ 57(6, 1)
|	|------ 57(6, 0)
|	|	|------ 57(6, 5)
|	|	|------ 45(6, 6)
|	|------ 81(6, 5)
|	|	|------ 75(6, 0)
|	|	|------ 81(6, 6)
|	|------ 105(6, 6)
|	|	|------ 87(6, 0)
|	|	|------ 105(6, 5)
|------ 57(6, 5)
|	|------ 105(6, 0)
|	|	|------ 105(6, 1)
|	|	|------ 85(6, 6)
|	|------ 81(6, 1)
|	|	|------ 81(6, 0)
|	|	|------ 75(6, 6)
|	|------ 57(6, 6)
|	|	|------ 43(6, 0)
|	|	|------ 57(6, 1)
|------ 33(6, 6)
|	|------ 93(6, 0)
|	|	|------ 93(6, 1)
|	|	|------ 85(6, 5)
|	|------ 75(6, 1)
|	|	|------ 69(6, 0)
|	|	|------ 75(6, 5)
|	|------ 33(6, 5)
|	|	|------ 19(6, 0)
|	|	|------ 33(6, 1)
|