182None
|------ 140(0, 0)
|	|------ 140(0, 1)
|	|	|------ 130(0, 3)
|	|	|------ 130(0, 4)
|	|	|------ 140(0, 7)
|	|------ 178(0, 3)
|	|	|------ 172(0, 1)
|	|	|------ 178(0, 4)
|	|	|------ 164(0, 7)
|	|------ 158(0, 4)
|	|	|------ 152(0, 1)
|	|	|------ 158(0, 3)
|	|	|------ 154(0, 7)
|	|------ 144(0, 7)
|	|	|------ 144(0, 1)
|	|	|------ 126(0, 3)
|	|	|------ 136(0, 4)
|------ 144(0, 1)
|	|------ 144(0, 0)
|	|	|------ 130(0, 3)
|	|	|------ 134(0, 4)
|	|	|------ 144(0, 7)
|	|------ 168(0, 3)
|	|	|------ 148(0, 0)
|	|	|------ 168(0, 4)
|	|	|------ 154(0, 7)
|	|------ 168(0, 4)
|	|	|------ 152(0, 0)
|	|	|------ 168(0, 3)
|	|	|------ 158(0, 7)
|	|------ 144(0, 7)
|	|	|------ 144(0, 0)
|	|	|------ 136(0, 3)
|	|	|------ 140(0, 4)
|------ 134(0, 3)
|	|------ 178(0, 0)
|	|	|------ 178(0, 1)
|	|	|------ 176(0, 4)
|	|	|------ 168(0, 7)
|	|------ 162(0, 1)
|	|	|------ 154(0, 0)
|	|	|------ 162(0, 4)
|	|	|------ 154(0, 7)
|	|------ 134(0, 4)
|	|	|------ 110(0, 0)
|	|	|------ 120(0, 1)
|	|	|------ 134(0, 7)
|	|------ 158(0, 7)
|	|	|------ 126(0, 0)
|	|	|------ 136(0, 1)
|	|	|------ 158(0, 4)
|------ 154(0, 4)
|	|------ 182(0, 0)
|	|	|------ 182(0, 1)
|	|	|------ 176(0, 3)
|	|	|------ 178(0, 7)
|	|------ 186(0, 1)
|	|	|------ 178(0, 0)
|	|	|------ 186(0, 3)
|	|	|------ 178(0, 7)
|	|------ 154(0, 3)
|	|	|------ 130(0, 0)
|	|	|------ 144(0, 1)
|	|	|------ 154(0, 7)
|	|------ 158(0, 7)
|	|	|------ 136(0, 0)
|	|	|------ 140(0, 1)
|	|	|------ 158(0, 3)
|------ 182(0, 7)
|	|------ 192(0, 0)
|	|	|------ 192(0, 1)
|	|	|------ 168(0, 3)
|	|	|------ 178(0, 4)
|	|------ 188(0, 1)
|	|	|------ 188(0, 0)
|	|	|------ 178(0, 3)
|	|	|------ 178(0, 4)
|	|------ 202(0, 3)
|	|	|------ 164(0, 0)
|	|	|------ 178(0, 1)
|	|	|------ 202(0, 4)
|	|------ 182(0, 4)
|	|	|------ 154(0, 0)
|	|	|------ 158(0, 1)
|	|	|------ 182(0, 3)
|