69None
|------ 69(2, 5)
|	|------ 69(2, 6)
|	|	|------ 69(3, 5)
|	|	|------ 50(4, 5)
|	|	|------ 50(4, 6)
|	|	|------ 48(5, 6)
|	|	|------ 52(6, 0)
|	|	|------ 66(6, 1)
|	|	|------ 53(6, 5)
|	|	|------ 48(6, 6)
|	|------ 77(3, 5)
|	|	|------ 77(2, 6)
|	|	|------ 69(4, 5)
|	|	|------ 55(4, 6)
|	|	|------ 51(5, 6)
|	|	|------ 55(6, 0)
|	|	|------ 69(6, 1)
|	|	|------ 56(6, 5)
|	|	|------ 51(6, 6)
|	|------ 79(4, 5)
|	|	|------ 68(2, 6)
|	|	|------ 79(3, 5)
|	|	|------ 62(4, 6)
|	|	|------ 60(5, 6)
|	|	|------ 60(6, 0)
|	|	|------ 74(6, 1)
|	|	|------ 70(6, 5)
|	|	|------ 58(6, 6)
|	|------ 80(4, 6)
|	|	|------ 74(2, 6)
|	|	|------ 71(3, 5)
|	|	|------ 68(4, 5)
|	|	|------ 66(5, 6)
|	|	|------ 66(6, 0)
|	|	|------ 80(6, 1)
|	|	|------ 69(6, 5)
|	|	|------ 64(6, 6)
|	|------ 82(5, 6)
|	|	|------ 74(2, 6)
|	|	|------ 69(3, 5)
|	|	|------ 68(4, 5)
|	|	|------ 68(4, 6)
|	|	|------ 68(6, 0)
|	|	|------ 82(6, 1)
|	|	|------ 73(6, 5)
|	|	|------ 68(6, 6)
|	|------ 106(6, 0)
|	|	|------ 76(2, 6)
|	|	|------ 71(3, 5)
|	|	|------ 66(4, 5)
|	|	|------ 66(4, 6)
|	|	|------ 66(5, 6)
|	|	|------ 106(6, 1)
|	|	|------ 71(6, 5)
|	|	|------ 66(6, 6)
|	|------ 82(6, 1)
|	|	|------ 66(2, 6)
|	|	|------ 61(3, 5)
|	|	|------ 56(4, 5)
|	|	|------ 56(4, 6)
|	|	|------ 56(5, 6)
|	|	|------ 82(6, 0)
|	|	|------ 61(6, 5)
|	|	|------ 56(6, 6)
|	|------ 73(6, 5)
|	|	|------ 65(2, 6)
|	|	|------ 60(3, 5)
|	|	|------ 64(4, 5)
|	|	|------ 57(4, 6)
|	|	|------ 59(5, 6)
|	|	|------ 59(6, 0)
|	|	|------ 73(6, 1)
|	|	|------ 59(6, 6)
|	|------ 82(6, 6)
|	|	|------ 74(2, 6)
|	|	|------ 69(3, 5)
|	|	|------ 66(4, 5)
|	|	|------ 66(4, 6)
|	|	|------ 68(5, 6)
|	|	|------ 68(6, 0)
|	|	|------ 82(6, 1)
|	|	|------ 73(6, 5)
|------ 57(2, 6)
|	|------ 57(2, 5)
|	|	|------ 57(3, 5)
|	|	|------ 36(4, 5)
|	|	|------ 34(4, 6)
|	|	|------ 32(5, 6)
|	|	|------ 36(6, 0)
|	|	|------ 50(6, 1)
|	|	|------ 37(6, 5)
|	|	|------ 32(6, 6)
|	|------ 91(3, 5)
|	|	|------ 91(2, 5)
|	|	|------ 62(4, 5)
|	|	|------ 53(4, 6)
|	|	|------ 49(5, 6)
|	|	|------ 53(6, 0)
|	|	|------ 67(6, 1)
|	|	|------ 54(6, 5)
|	|	|------ 49(6, 6)
|	|------ 70(4, 5)
|	|	|------ 70(2, 5)
|	|	|------ 62(3, 5)
|	|	|------ 55(4, 6)
|	|	|------ 53(5, 6)
|	|	|------ 53(6, 0)
|	|	|------ 67(6, 1)
|	|	|------ 63(6, 5)
|	|	|------ 51(6, 6)
|	|------ 74(4, 6)
|	|	|------ 74(2, 5)
|	|	|------ 59(3, 5)
|	|	|------ 61(4, 5)
|	|	|------ 57(5, 6)
|	|	|------ 57(6, 0)
|	|	|------ 71(6, 1)
|	|	|------ 60(6, 5)
|	|	|------ 55(6, 6)
|	|------ 74(5, 6)
|	|	|------ 74(2, 5)
|	|	|------ 57(3, 5)
|	|	|------ 61(4, 5)
|	|	|------ 59(4, 6)
|	|	|------ 59(6, 0)
|	|	|------ 73(6, 1)
|	|	|------ 64(6, 5)
|	|	|------ 59(6, 6)
|	|------ 97(6, 0)
|	|	|------ 76(2, 5)
|	|	|------ 59(3, 5)
|	|	|------ 59(4, 5)
|	|	|------ 57(4, 6)
|	|	|------ 57(5, 6)
|	|	|------ 97(6, 1)
|	|	|------ 62(6, 5)
|	|	|------ 57(6, 6)
|	|------ 73(6, 1)
|	|	|------ 66(2, 5)
|	|	|------ 49(3, 5)
|	|	|------ 49(4, 5)
|	|	|------ 47(4, 6)
|	|	|------ 47(5, 6)
|	|	|------ 73(6, 0)
|	|	|------ 52(6, 5)
|	|	|------ 47(6, 6)
|	|------ 65(6, 5)
|	|	|------ 65(2, 5)
|	|	|------ 48(3, 5)
|	|	|------ 57(4, 5)
|	|	|------ 48(4, 6)
|	|	|------ 50(5, 6)
|	|	|------ 50(6, 0)
|	|	|------ 64(6, 1)
|	|	|------ 50(6, 6)
|	|------ 74(6, 6)
|	|	|------ 74(2, 5)
|	|	|------ 57(3, 5)
|	|	|------ 59(4, 5)
|	|	|------ 57(4, 6)
|	|	|------ 59(5, 6)
|	|	|------ 59(6, 0)
|	|	|------ 73(6, 1)
|	|	|------ 64(6, 5)
|------ 65(3, 5)
|	|------ 67(2, 5)
|	|	|------ 67(2, 6)
|	|	|------ 53(4, 5)
|	|	|------ 41(4, 6)
|	|	|------ 37(5, 6)
|	|	|------ 41(6, 0)
|	|	|------ 55(6, 1)
|	|	|------ 42(6, 5)
|	|	|------ 37(6, 6)
|	|------ 93(2, 6)
|	|	|------ 93(2, 5)
|	|	|------ 60(4, 5)
|	|	|------ 55(4, 6)
|	|	|------ 51(5, 6)
|	|	|------ 55(6, 0)
|	|	|------ 69(6, 1)
|	|	|------ 56(6, 5)
|	|	|------ 51(6, 6)
|	|------ 65(4, 5)
|	|	|------ 65(2, 5)
|	|	|------ 46(2, 6)
|	|	|------ 50(4, 6)
|	|	|------ 46(5, 6)
|	|	|------ 46(6, 0)
|	|	|------ 60(6, 1)
|	|	|------ 56(6, 5)
|	|	|------ 44(6, 6)
|	|------ 71(4, 6)
|	|	|------ 69(2, 5)
|	|	|------ 57(2, 6)
|	|	|------ 66(4, 5)
|	|	|------ 57(5, 6)
|	|	|------ 57(6, 0)
|	|	|------ 71(6, 1)
|	|	|------ 60(6, 5)
|	|	|------ 55(6, 6)
|	|------ 75(5, 6)
|	|	|------ 69(2, 5)
|	|	|------ 57(2, 6)
|	|	|------ 66(4, 5)
|	|	|------ 61(4, 6)
|	|	|------ 61(6, 0)
|	|	|------ 75(6, 1)
|	|	|------ 66(6, 5)
|	|	|------ 61(6, 6)
|	|------ 99(6, 0)
|	|	|------ 71(2, 5)
|	|	|------ 59(2, 6)
|	|	|------ 64(4, 5)
|	|	|------ 59(4, 6)
|	|	|------ 59(5, 6)
|	|	|------ 99(6, 1)
|	|	|------ 64(6, 5)
|	|	|------ 59(6, 6)
|	|------ 75(6, 1)
|	|	|------ 61(2, 5)
|	|	|------ 49(2, 6)
|	|	|------ 54(4, 5)
|	|	|------ 49(4, 6)
|	|	|------ 49(5, 6)
|	|	|------ 75(6, 0)
|	|	|------ 54(6, 5)
|	|	|------ 49(6, 6)
|	|------ 66(6, 5)
|	|	|------ 60(2, 5)
|	|	|------ 48(2, 6)
|	|	|------ 62(4, 5)
|	|	|------ 50(4, 6)
|	|	|------ 52(5, 6)
|	|	|------ 52(6, 0)
|	|	|------ 66(6, 1)
|	|	|------ 52(6, 6)
|	|------ 75(6, 6)
|	|	|------ 69(2, 5)
|	|	|------ 57(2, 6)
|	|	|------ 64(4, 5)
|	|	|------ 59(4, 6)
|	|	|------ 61(5, 6)
|	|	|------ 61(6, 0)
|	|	|------ 75(6, 1)
|	|	|------ 66(6, 5)
|------ 61(4, 5)
|	|------ 67(2, 5)
|	|	|------ 62(2, 6)
|	|	|------ 67(3, 5)
|	|	|------ 46(4, 6)
|	|	|------ 44(5, 6)
|	|	|------ 48(6, 0)
|	|	|------ 62(6, 1)
|	|	|------ 54(6, 5)
|	|	|------ 44(6, 6)
|	|------ 78(2, 6)
|	|	|------ 78(2, 5)
|	|	|------ 62(3, 5)
|	|	|------ 55(4, 6)
|	|	|------ 53(5, 6)
|	|	|------ 57(6, 0)
|	|	|------ 71(6, 1)
|	|	|------ 63(6, 5)
|	|	|------ 53(6, 6)
|	|------ 69(3, 5)
|	|	|------ 69(2, 5)
|	|	|------ 48(2, 6)
|	|	|------ 50(4, 6)
|	|	|------ 46(5, 6)
|	|	|------ 48(6, 0)
|	|	|------ 62(6, 1)
|	|	|------ 54(6, 5)
|	|	|------ 44(6, 6)
|	|------ 71(4, 6)
|	|	|------ 62(2, 5)
|	|	|------ 55(2, 6)
|	|	|------ 64(3, 5)
|	|	|------ 59(5, 6)
|	|	|------ 57(6, 0)
|	|	|------ 71(6, 1)
|	|	|------ 65(6, 5)
|	|	|------ 55(6, 6)
|	|------ 73(5, 6)
|	|	|------ 62(2, 5)
|	|	|------ 55(2, 6)
|	|	|------ 62(3, 5)
|	|	|------ 61(4, 6)
|	|	|------ 59(6, 0)
|	|	|------ 73(6, 1)
|	|	|------ 69(6, 5)
|	|	|------ 59(6, 6)
|	|------ 99(6, 0)
|	|	|------ 66(2, 5)
|	|	|------ 59(2, 6)
|	|	|------ 64(3, 5)
|	|	|------ 59(4, 6)
|	|	|------ 59(5, 6)
|	|	|------ 99(6, 1)
|	|	|------ 69(6, 5)
|	|	|------ 59(6, 6)
|	|------ 75(6, 1)
|	|	|------ 56(2, 5)
|	|	|------ 49(2, 6)
|	|	|------ 54(3, 5)
|	|	|------ 49(4, 6)
|	|	|------ 49(5, 6)
|	|	|------ 75(6, 0)
|	|	|------ 59(6, 5)
|	|	|------ 49(6, 6)
|	|------ 61(6, 5)
|	|	|------ 50(2, 5)
|	|	|------ 43(2, 6)
|	|	|------ 48(3, 5)
|	|	|------ 45(4, 6)
|	|	|------ 47(5, 6)
|	|	|------ 47(6, 0)
|	|	|------ 61(6, 1)
|	|	|------ 47(6, 6)
|	|------ 75(6, 6)
|	|	|------ 64(2, 5)
|	|	|------ 57(2, 6)
|	|	|------ 62(3, 5)
|	|	|------ 59(4, 6)
|	|	|------ 61(5, 6)
|	|	|------ 61(6, 0)
|	|	|------ 75(6, 1)
|	|	|------ 71(6, 5)
|------ 62(4, 6)
|	|------ 62(2, 5)
|	|	|------ 62(2, 6)
|	|	|------ 57(3, 5)
|	|	|------ 48(4, 5)
|	|	|------ 44(5, 6)
|	|	|------ 48(6, 0)
|	|	|------ 62(6, 1)
|	|	|------ 49(6, 5)
|	|	|------ 44(6, 6)
|	|------ 78(2, 6)
|	|	|------ 78(2, 5)
|	|	|------ 57(3, 5)
|	|	|------ 55(4, 5)
|	|	|------ 51(5, 6)
|	|	|------ 55(6, 0)
|	|	|------ 69(6, 1)
|	|	|------ 56(6, 5)
|	|	|------ 51(6, 6)
|	|------ 69(3, 5)
|	|	|------ 69(2, 5)
|	|	|------ 53(2, 6)
|	|	|------ 64(4, 5)
|	|	|------ 51(5, 6)
|	|	|------ 53(6, 0)
|	|	|------ 67(6, 1)
|	|	|------ 54(6, 5)
|	|	|------ 49(6, 6)
|	|------ 65(4, 5)
|	|	|------ 58(2, 5)
|	|	|------ 49(2, 6)
|	|	|------ 62(3, 5)
|	|	|------ 53(5, 6)
|	|	|------ 51(6, 0)
|	|	|------ 65(6, 1)
|	|	|------ 61(6, 5)
|	|	|------ 49(6, 6)
|	|------ 71(5, 6)
|	|	|------ 62(2, 5)
|	|	|------ 53(2, 6)
|	|	|------ 57(3, 5)
|	|	|------ 61(4, 5)
|	|	|------ 57(6, 0)
|	|	|------ 71(6, 1)
|	|	|------ 62(6, 5)
|	|	|------ 57(6, 6)
|	|------ 97(6, 0)
|	|	|------ 66(2, 5)
|	|	|------ 57(2, 6)
|	|	|------ 59(3, 5)
|	|	|------ 59(4, 5)
|	|	|------ 57(5, 6)
|	|	|------ 97(6, 1)
|	|	|------ 62(6, 5)
|	|	|------ 57(6, 6)
|	|------ 73(6, 1)
|	|	|------ 56(2, 5)
|	|	|------ 47(2, 6)
|	|	|------ 49(3, 5)
|	|	|------ 49(4, 5)
|	|	|------ 47(5, 6)
|	|	|------ 73(6, 0)
|	|	|------ 52(6, 5)
|	|	|------ 47(6, 6)
|	|------ 64(6, 5)
|	|	|------ 55(2, 5)
|	|	|------ 46(2, 6)
|	|	|------ 48(3, 5)
|	|	|------ 57(4, 5)
|	|	|------ 50(5, 6)
|	|	|------ 50(6, 0)
|	|	|------ 64(6, 1)
|	|	|------ 50(6, 6)
|	|------ 73(6, 6)
|	|	|------ 64(2, 5)
|	|	|------ 55(2, 6)
|	|	|------ 57(3, 5)
|	|	|------ 59(4, 5)
|	|	|------ 59(5, 6)
|	|	|------ 59(6, 0)
|	|	|------ 73(6, 1)
|	|	|------ 64(6, 5)
|------ 60(5, 6)
|	|------ 62(2, 5)
|	|	|------ 62(2, 6)
|	|	|------ 57(3, 5)
|	|	|------ 48(4, 5)
|	|	|------ 46(4, 6)
|	|	|------ 48(6, 0)
|	|	|------ 62(6, 1)
|	|	|------ 49(6, 5)
|	|	|------ 44(6, 6)
|	|------ 78(2, 6)
|	|	|------ 78(2, 5)
|	|	|------ 57(3, 5)
|	|	|------ 55(4, 5)
|	|	|------ 53(4, 6)
|	|	|------ 55(6, 0)
|	|	|------ 69(6, 1)
|	|	|------ 56(6, 5)
|	|	|------ 51(6, 6)
|	|------ 71(3, 5)
|	|	|------ 71(2, 5)
|	|	|------ 55(2, 6)
|	|	|------ 64(4, 5)
|	|	|------ 55(4, 6)
|	|	|------ 55(6, 0)
|	|	|------ 69(6, 1)
|	|	|------ 56(6, 5)
|	|	|------ 51(6, 6)
|	|------ 65(4, 5)
|	|	|------ 58(2, 5)
|	|	|------ 49(2, 6)
|	|	|------ 60(3, 5)
|	|	|------ 55(4, 6)
|	|	|------ 51(6, 0)
|	|	|------ 65(6, 1)
|	|	|------ 63(6, 5)
|	|	|------ 51(6, 6)
|	|------ 69(4, 6)
|	|	|------ 62(2, 5)
|	|	|------ 53(2, 6)
|	|	|------ 57(3, 5)
|	|	|------ 61(4, 5)
|	|	|------ 55(6, 0)
|	|	|------ 69(6, 1)
|	|	|------ 60(6, 5)
|	|	|------ 55(6, 6)
|	|------ 95(6, 0)
|	|	|------ 66(2, 5)
|	|	|------ 57(2, 6)
|	|	|------ 59(3, 5)
|	|	|------ 59(4, 5)
|	|	|------ 57(4, 6)
|	|	|------ 95(6, 1)
|	|	|------ 60(6, 5)
|	|	|------ 55(6, 6)
|	|------ 71(6, 1)
|	|	|------ 56(2, 5)
|	|	|------ 47(2, 6)
|	|	|------ 49(3, 5)
|	|	|------ 49(4, 5)
|	|	|------ 47(4, 6)
|	|	|------ 71(6, 0)
|	|	|------ 50(6, 5)
|	|	|------ 45(6, 6)
|	|------ 60(6, 5)
|	|	|------ 53(2, 5)
|	|	|------ 44(2, 6)
|	|	|------ 46(3, 5)
|	|	|------ 57(4, 5)
|	|	|------ 48(4, 6)
|	|	|------ 46(6, 0)
|	|	|------ 60(6, 1)
|	|	|------ 58(6, 6)
|	|------ 72(6, 6)
|	|	|------ 62(2, 5)
|	|	|------ 53(2, 6)
|	|	|------ 55(3, 5)
|	|	|------ 59(4, 5)
|	|	|------ 57(4, 6)
|	|	|------ 55(6, 0)
|	|	|------ 69(6, 1)
|	|	|------ 72(6, 5)
|------ 34(6, 0)
|	|------ 82(2, 5)
|	|	|------ 66(2, 6)
|	|	|------ 61(3, 5)
|	|	|------ 52(4, 5)
|	|	|------ 50(4, 6)
|	|	|------ 48(5, 6)
|	|	|------ 82(6, 1)
|	|	|------ 53(6, 5)
|	|	|------ 48(6, 6)
|	|------ 89(2, 6)
|	|	|------ 82(2, 5)
|	|	|------ 61(3, 5)
|	|	|------ 59(4, 5)
|	|	|------ 57(4, 6)
|	|	|------ 55(5, 6)
|	|	|------ 89(6, 1)
|	|	|------ 60(6, 5)
|	|	|------ 55(6, 6)
|	|------ 89(3, 5)
|	|	|------ 75(2, 5)
|	|	|------ 59(2, 6)
|	|	|------ 68(4, 5)
|	|	|------ 59(4, 6)
|	|	|------ 55(5, 6)
|	|	|------ 89(6, 1)
|	|	|------ 60(6, 5)
|	|	|------ 55(6, 6)
|	|------ 87(4, 5)
|	|	|------ 64(2, 5)
|	|	|------ 55(2, 6)
|	|	|------ 66(3, 5)
|	|	|------ 59(4, 6)
|	|	|------ 57(5, 6)
|	|	|------ 87(6, 1)
|	|	|------ 67(6, 5)
|	|	|------ 55(6, 6)
|	|------ 91(4, 6)
|	|	|------ 68(2, 5)
|	|	|------ 59(2, 6)
|	|	|------ 63(3, 5)
|	|	|------ 65(4, 5)
|	|	|------ 61(5, 6)
|	|	|------ 91(6, 1)
|	|	|------ 64(6, 5)
|	|	|------ 59(6, 6)
|	|------ 91(5, 6)
|	|	|------ 68(2, 5)
|	|	|------ 59(2, 6)
|	|	|------ 61(3, 5)
|	|	|------ 65(4, 5)
|	|	|------ 63(4, 6)
|	|	|------ 91(6, 1)
|	|	|------ 66(6, 5)
|	|	|------ 61(6, 6)
|	|------ 34(6, 1)
|	|	|------ 34(2, 5)
|	|	|------ 25(2, 6)
|	|	|------ 27(3, 5)
|	|	|------ 27(4, 5)
|	|	|------ 25(4, 6)
|	|	|------ 23(5, 6)
|	|	|------ 28(6, 5)
|	|	|------ 23(6, 6)
|	|------ 82(6, 5)
|	|	|------ 59(2, 5)
|	|	|------ 50(2, 6)
|	|	|------ 52(3, 5)
|	|	|------ 61(4, 5)
|	|	|------ 52(4, 6)
|	|	|------ 52(5, 6)
|	|	|------ 82(6, 1)
|	|	|------ 52(6, 6)
|	|------ 91(6, 6)
|	|	|------ 68(2, 5)
|	|	|------ 59(2, 6)
|	|	|------ 61(3, 5)
|	|	|------ 63(4, 5)
|	|	|------ 61(4, 6)
|	|	|------ 61(5, 6)
|	|	|------ 91(6, 1)
|	|	|------ 66(6, 5)
|------ 58(6, 1)
|	|------ 82(2, 5)
|	|	|------ 80(2, 6)
|	|	|------ 75(3, 5)
|	|	|------ 66(4, 5)
|	|	|------ 64(4, 6)
|	|	|------ 62(5, 6)
|	|	|------ 82(6, 0)
|	|	|------ 67(6, 5)
|	|	|------ 62(6, 6)
|	|------ 96(2, 6)
|	|	|------ 96(2, 5)
|	|	|------ 75(3, 5)
|	|	|------ 73(4, 5)
|	|	|------ 71(4, 6)
|	|	|------ 69(5, 6)
|	|	|------ 89(6, 0)
|	|	|------ 74(6, 5)
|	|	|------ 69(6, 6)
|	|------ 89(3, 5)
|	|	|------ 89(2, 5)
|	|	|------ 73(2, 6)
|	|	|------ 82(4, 5)
|	|	|------ 73(4, 6)
|	|	|------ 69(5, 6)
|	|	|------ 89(6, 0)
|	|	|------ 74(6, 5)
|	|	|------ 69(6, 6)
|	|------ 87(4, 5)
|	|	|------ 78(2, 5)
|	|	|------ 69(2, 6)
|	|	|------ 80(3, 5)
|	|	|------ 73(4, 6)
|	|	|------ 71(5, 6)
|	|	|------ 87(6, 0)
|	|	|------ 81(6, 5)
|	|	|------ 69(6, 6)
|	|------ 91(4, 6)
|	|	|------ 82(2, 5)
|	|	|------ 73(2, 6)
|	|	|------ 77(3, 5)
|	|	|------ 79(4, 5)
|	|	|------ 75(5, 6)
|	|	|------ 91(6, 0)
|	|	|------ 78(6, 5)
|	|	|------ 73(6, 6)
|	|------ 91(5, 6)
|	|	|------ 82(2, 5)
|	|	|------ 73(2, 6)
|	|	|------ 75(3, 5)
|	|	|------ 79(4, 5)
|	|	|------ 77(4, 6)
|	|	|------ 91(6, 0)
|	|	|------ 80(6, 5)
|	|	|------ 75(6, 6)
|	|------ 58(6, 0)
|	|	|------ 58(2, 5)
|	|	|------ 49(2, 6)
|	|	|------ 51(3, 5)
|	|	|------ 51(4, 5)
|	|	|------ 49(4, 6)
|	|	|------ 47(5, 6)
|	|	|------ 52(6, 5)
|	|	|------ 47(6, 6)
|	|------ 82(6, 5)
|	|	|------ 73(2, 5)
|	|	|------ 64(2, 6)
|	|	|------ 66(3, 5)
|	|	|------ 75(4, 5)
|	|	|------ 66(4, 6)
|	|	|------ 66(5, 6)
|	|	|------ 82(6, 0)
|	|	|------ 66(6, 6)
|	|------ 91(6, 6)
|	|	|------ 82(2, 5)
|	|	|------ 73(2, 6)
|	|	|------ 75(3, 5)
|	|	|------ 77(4, 5)
|	|	|------ 75(4, 6)
|	|	|------ 75(5, 6)
|	|	|------ 91(6, 0)
|	|	|------ 80(6, 5)
|------ 67(6, 5)
|	|------ 67(2, 5)
|	|	|------ 67(2, 6)
|	|	|------ 62(3, 5)
|	|	|------ 58(4, 5)
|	|	|------ 51(4, 6)
|	|	|------ 49(5, 6)
|	|	|------ 53(6, 0)
|	|	|------ 67(6, 1)
|	|	|------ 49(6, 6)
|	|------ 83(2, 6)
|	|	|------ 83(2, 5)
|	|	|------ 62(3, 5)
|	|	|------ 65(4, 5)
|	|	|------ 58(4, 6)
|	|	|------ 56(5, 6)
|	|	|------ 60(6, 0)
|	|	|------ 74(6, 1)
|	|	|------ 56(6, 6)
|	|------ 76(3, 5)
|	|	|------ 76(2, 5)
|	|	|------ 60(2, 6)
|	|	|------ 74(4, 5)
|	|	|------ 60(4, 6)
|	|	|------ 56(5, 6)
|	|	|------ 60(6, 0)
|	|	|------ 74(6, 1)
|	|	|------ 56(6, 6)
|	|------ 67(4, 5)
|	|	|------ 60(2, 5)
|	|	|------ 51(2, 6)
|	|	|------ 62(3, 5)
|	|	|------ 55(4, 6)
|	|	|------ 53(5, 6)
|	|	|------ 53(6, 0)
|	|	|------ 67(6, 1)
|	|	|------ 51(6, 6)
|	|------ 76(4, 6)
|	|	|------ 69(2, 5)
|	|	|------ 60(2, 6)
|	|	|------ 64(3, 5)
|	|	|------ 71(4, 5)
|	|	|------ 62(5, 6)
|	|	|------ 62(6, 0)
|	|	|------ 76(6, 1)
|	|	|------ 60(6, 6)
|	|------ 74(5, 6)
|	|	|------ 67(2, 5)
|	|	|------ 58(2, 6)
|	|	|------ 60(3, 5)
|	|	|------ 69(4, 5)
|	|	|------ 62(4, 6)
|	|	|------ 60(6, 0)
|	|	|------ 74(6, 1)
|	|	|------ 72(6, 6)
|	|------ 100(6, 0)
|	|	|------ 71(2, 5)
|	|	|------ 62(2, 6)
|	|	|------ 64(3, 5)
|	|	|------ 69(4, 5)
|	|	|------ 62(4, 6)
|	|	|------ 60(5, 6)
|	|	|------ 100(6, 1)
|	|	|------ 60(6, 6)
|	|------ 76(6, 1)
|	|	|------ 61(2, 5)
|	|	|------ 52(2, 6)
|	|	|------ 54(3, 5)
|	|	|------ 59(4, 5)
|	|	|------ 52(4, 6)
|	|	|------ 50(5, 6)
|	|	|------ 76(6, 0)
|	|	|------ 50(6, 6)
|	|------ 74(6, 6)
|	|	|------ 67(2, 5)
|	|	|------ 58(2, 6)
|	|	|------ 60(3, 5)
|	|	|------ 67(4, 5)
|	|	|------ 60(4, 6)
|	|	|------ 72(5, 6)
|	|	|------ 60(6, 0)
|	|	|------ 74(6, 1)
|------ 60(6, 6)
|	|------ 62(2, 5)
|	|	|------ 62(2, 6)
|	|	|------ 57(3, 5)
|	|	|------ 48(4, 5)
|	|	|------ 46(4, 6)
|	|	|------ 44(5, 6)
|	|	|------ 48(6, 0)
|	|	|------ 62(6, 1)
|	|	|------ 49(6, 5)
|	|------ 78(2, 6)
|	|	|------ 78(2, 5)
|	|	|------ 57(3, 5)
|	|	|------ 55(4, 5)
|	|	|------ 53(4, 6)
|	|	|------ 51(5, 6)
|	|	|------ 55(6, 0)
|	|	|------ 69(6, 1)
|	|	|------ 56(6, 5)
|	|------ 71(3, 5)
|	|	|------ 71(2, 5)
|	|	|------ 55(2, 6)
|	|	|------ 64(4, 5)
|	|	|------ 55(4, 6)
|	|	|------ 51(5, 6)
|	|	|------ 55(6, 0)
|	|	|------ 69(6, 1)
|	|	|------ 56(6, 5)
|	|------ 67(4, 5)
|	|	|------ 60(2, 5)
|	|	|------ 51(2, 6)
|	|	|------ 62(3, 5)
|	|	|------ 55(4, 6)
|	|	|------ 53(5, 6)
|	|	|------ 53(6, 0)
|	|	|------ 67(6, 1)
|	|	|------ 63(6, 5)
|	|------ 71(4, 6)
|	|	|------ 64(2, 5)
|	|	|------ 55(2, 6)
|	|	|------ 59(3, 5)
|	|	|------ 61(4, 5)
|	|	|------ 57(5, 6)
|	|	|------ 57(6, 0)
|	|	|------ 71(6, 1)
|	|	|------ 60(6, 5)
|	|------ 72(5, 6)
|	|	|------ 62(2, 5)
|	|	|------ 53(2, 6)
|	|	|------ 55(3, 5)
|	|	|------ 59(4, 5)
|	|	|------ 57(4, 6)
|	|	|------ 55(6, 0)
|	|	|------ 69(6, 1)
|	|	|------ 72(6, 5)
|	|------ 95(6, 0)
|	|	|------ 66(2, 5)
|	|	|------ 57(2, 6)
|	|	|------ 59(3, 5)
|	|	|------ 59(4, 5)
|	|	|------ 57(4, 6)
|	|	|------ 55(5, 6)
|	|	|------ 95(6, 1)
|	|	|------ 60(6, 5)
|	|------ 71(6, 1)
|	|	|------ 56(2, 5)
|	|	|------ 47(2, 6)
|	|	|------ 49(3, 5)
|	|	|------ 49(4, 5)
|	|	|------ 47(4, 6)
|	|	|------ 45(5, 6)
|	|	|------ 71(6, 0)
|	|	|------ 50(6, 5)
|	|------ 60(6, 5)
|	|	|------ 53(2, 5)
|	|	|------ 44(2, 6)
|	|	|------ 46(3, 5)
|	|	|------ 55(4, 5)
|	|	|------ 46(4, 6)
|	|	|------ 58(5, 6)
|	|	|------ 46(6, 0)
|	|	|------ 60(6, 1)
|