67None
|------ 31(3, 0)
|	|------ 31(3, 1)
|	|	|------ 31(4, 0)
|	|	|------ 31(5, 0)
|	|	|------ 27(6, 5)
|	|	|------ 13(6, 6)
|	|------ 89(4, 0)
|	|	|------ 89(3, 1)
|	|	|------ 76(5, 0)
|	|	|------ 60(6, 5)
|	|	|------ 46(6, 6)
|	|------ 67(5, 0)
|	|	|------ 67(3, 1)
|	|	|------ 54(4, 0)
|	|	|------ 52(6, 5)
|	|	|------ 38(6, 6)
|	|------ 63(6, 5)
|	|	|------ 63(3, 1)
|	|	|------ 38(4, 0)
|	|	|------ 52(5, 0)
|	|	|------ 62(6, 6)
|	|------ 86(6, 6)
|	|	|------ 73(3, 1)
|	|	|------ 48(4, 0)
|	|	|------ 62(5, 0)
|	|	|------ 86(6, 5)
|------ 67(3, 1)
|	|------ 67(3, 0)
|	|	|------ 67(4, 0)
|	|	|------ 67(5, 0)
|	|	|------ 63(6, 5)
|	|	|------ 49(6, 6)
|	|------ 93(4, 0)
|	|	|------ 89(3, 0)
|	|	|------ 93(5, 0)
|	|	|------ 77(6, 5)
|	|	|------ 63(6, 6)
|	|------ 71(5, 0)
|	|	|------ 67(3, 0)
|	|	|------ 71(4, 0)
|	|	|------ 69(6, 5)
|	|	|------ 55(6, 6)
|	|------ 79(6, 5)
|	|	|------ 63(3, 0)
|	|	|------ 55(4, 0)
|	|	|------ 69(5, 0)
|	|	|------ 79(6, 6)
|	|------ 103(6, 6)
|	|	|------ 73(3, 0)
|	|	|------ 65(4, 0)
|	|	|------ 79(5, 0)
|	|	|------ 103(6, 5)
|------ 47(4, 0)
|	|------ 91(3, 0)
|	|	|------ 91(3, 1)
|	|	|------ 72(5, 0)
|	|	|------ 58(6, 5)
|	|	|------ 44(6, 6)
|	|------ 55(3, 1)
|	|	|------ 55(3, 0)
|	|	|------ 53(5, 0)
|	|	|------ 39(6, 5)
|	|	|------ 25(6, 6)
|	|------ 47(5, 0)
|	|	|------ 30(3, 0)
|	|	|------ 47(3, 1)
|	|	|------ 38(6, 5)
|	|	|------ 24(6, 6)
|	|------ 62(6, 5)
|	|	|------ 38(3, 0)
|	|	|------ 55(3, 1)
|	|	|------ 60(5, 0)
|	|	|------ 62(6, 6)
|	|------ 86(6, 6)
|	|	|------ 48(3, 0)
|	|	|------ 65(3, 1)
|	|	|------ 70(5, 0)
|	|	|------ 86(6, 5)
|------ 59(5, 0)
|	|------ 95(3, 0)
|	|	|------ 95(3, 1)
|	|	|------ 74(4, 0)
|	|	|------ 74(6, 5)
|	|	|------ 60(6, 6)
|	|------ 59(3, 1)
|	|	|------ 59(3, 0)
|	|	|------ 55(4, 0)
|	|	|------ 55(6, 5)
|	|	|------ 41(6, 6)
|	|------ 71(4, 0)
|	|	|------ 54(3, 0)
|	|	|------ 71(3, 1)
|	|	|------ 62(6, 5)
|	|	|------ 48(6, 6)
|	|------ 76(6, 5)
|	|	|------ 52(3, 0)
|	|	|------ 69(3, 1)
|	|	|------ 60(4, 0)
|	|	|------ 76(6, 6)
|	|------ 100(6, 6)
|	|	|------ 62(3, 0)
|	|	|------ 79(3, 1)
|	|	|------ 70(4, 0)
|	|	|------ 100(6, 5)
|------ 55(6, 5)
|	|------ 93(3, 0)
|	|	|------ 93(3, 1)
|	|	|------ 64(4, 0)
|	|	|------ 76(5, 0)
|	|	|------ 78(6, 6)
|	|------ 59(3, 1)
|	|	|------ 57(3, 0)
|	|	|------ 45(4, 0)
|	|	|------ 57(5, 0)
|	|	|------ 59(6, 6)
|	|------ 90(4, 0)
|	|	|------ 66(3, 0)
|	|	|------ 83(3, 1)
|	|	|------ 90(5, 0)
|	|	|------ 80(6, 6)
|	|------ 71(5, 0)
|	|	|------ 54(3, 0)
|	|	|------ 71(3, 1)
|	|	|------ 66(4, 0)
|	|	|------ 70(6, 6)
|	|------ 55(6, 6)
|	|	|------ 38(3, 0)
|	|	|------ 55(3, 1)
|	|	|------ 38(4, 0)
|	|	|------ 52(5, 0)
|------ 31(6, 6)
|	|------ 79(3, 0)
|	|	|------ 79(3, 1)
|	|	|------ 50(4, 0)
|	|	|------ 62(5, 0)
|	|	|------ 78(6, 5)
|	|------ 59(3, 1)
|	|	|------ 43(3, 0)
|	|	|------ 31(4, 0)
|	|	|------ 43(5, 0)
|	|	|------ 59(6, 5)
|	|------ 80(4, 0)
|	|	|------ 52(3, 0)
|	|	|------ 69(3, 1)
|	|	|------ 76(5, 0)
|	|	|------ 80(6, 5)
|	|------ 70(5, 0)
|	|	|------ 40(3, 0)
|	|	|------ 57(3, 1)
|	|	|------ 52(4, 0)
|	|	|------ 70(6, 5)
|	|------ 31(6, 5)
|	|	|------ 14(3, 0)
|	|	|------ 31(3, 1)
|	|	|------ 14(4, 0)
|	|	|------ 28(5, 0)
|