65None
|------ 65(3, 5)
|	|------ 65(4, 5)
|	|	|------ 65(4, 6)
|	|	|------ 51(5, 6)
|	|	|------ 51(6, 0)
|	|	|------ 65(6, 1)
|	|	|------ 61(6, 5)
|	|	|------ 49(6, 6)
|	|------ 91(4, 6)
|	|	|------ 91(4, 5)
|	|	|------ 67(5, 6)
|	|	|------ 67(6, 0)
|	|	|------ 81(6, 1)
|	|	|------ 70(6, 5)
|	|	|------ 65(6, 6)
|	|------ 85(5, 6)
|	|	|------ 81(4, 5)
|	|	|------ 71(4, 6)
|	|	|------ 71(6, 0)
|	|	|------ 85(6, 1)
|	|	|------ 76(6, 5)
|	|	|------ 71(6, 6)
|	|------ 109(6, 0)
|	|	|------ 79(4, 5)
|	|	|------ 69(4, 6)
|	|	|------ 69(5, 6)
|	|	|------ 109(6, 1)
|	|	|------ 74(6, 5)
|	|	|------ 69(6, 6)
|	|------ 85(6, 1)
|	|	|------ 69(4, 5)
|	|	|------ 59(4, 6)
|	|	|------ 59(5, 6)
|	|	|------ 85(6, 0)
|	|	|------ 64(6, 5)
|	|	|------ 59(6, 6)
|	|------ 77(6, 5)
|	|	|------ 77(4, 5)
|	|	|------ 60(4, 6)
|	|	|------ 62(5, 6)
|	|	|------ 62(6, 0)
|	|	|------ 76(6, 1)
|	|	|------ 62(6, 6)
|	|------ 85(6, 6)
|	|	|------ 79(4, 5)
|	|	|------ 69(4, 6)
|	|	|------ 71(5, 6)
|	|	|------ 71(6, 0)
|	|	|------ 85(6, 1)
|	|	|------ 76(6, 5)
|------ 33(4, 5)
|	|------ 33(3, 5)
|	|	|------ 31(4, 6)
|	|	|------ 17(5, 6)
|	|	|------ 19(6, 0)
|	|	|------ 33(6, 1)
|	|	|------ 25(6, 5)
|	|	|------ 15(6, 6)
|	|------ 89(4, 6)
|	|	|------ 89(3, 5)
|	|	|------ 50(5, 6)
|	|	|------ 48(6, 0)
|	|	|------ 62(6, 1)
|	|	|------ 56(6, 5)
|	|	|------ 46(6, 6)
|	|------ 77(5, 6)
|	|	|------ 77(3, 5)
|	|	|------ 52(4, 6)
|	|	|------ 50(6, 0)
|	|	|------ 64(6, 1)
|	|	|------ 60(6, 5)
|	|	|------ 50(6, 6)
|	|------ 90(6, 0)
|	|	|------ 79(3, 5)
|	|	|------ 50(4, 6)
|	|	|------ 50(5, 6)
|	|	|------ 90(6, 1)
|	|	|------ 60(6, 5)
|	|	|------ 50(6, 6)
|	|------ 69(6, 1)
|	|	|------ 69(3, 5)
|	|	|------ 40(4, 6)
|	|	|------ 40(5, 6)
|	|	|------ 66(6, 0)
|	|	|------ 50(6, 5)
|	|	|------ 40(6, 6)
|	|------ 63(6, 5)
|	|	|------ 63(3, 5)
|	|	|------ 36(4, 6)
|	|	|------ 38(5, 6)
|	|	|------ 38(6, 0)
|	|	|------ 52(6, 1)
|	|	|------ 38(6, 6)
|	|------ 77(6, 6)
|	|	|------ 77(3, 5)
|	|	|------ 50(4, 6)
|	|	|------ 52(5, 6)
|	|	|------ 52(6, 0)
|	|	|------ 66(6, 1)
|	|	|------ 62(6, 5)
|------ 55(4, 6)
|	|------ 55(3, 5)
|	|	|------ 55(4, 5)
|	|	|------ 27(5, 6)
|	|	|------ 29(6, 0)
|	|	|------ 43(6, 1)
|	|	|------ 30(6, 5)
|	|	|------ 25(6, 6)
|	|------ 87(4, 5)
|	|	|------ 87(3, 5)
|	|	|------ 44(5, 6)
|	|	|------ 42(6, 0)
|	|	|------ 56(6, 1)
|	|	|------ 52(6, 5)
|	|	|------ 40(6, 6)
|	|------ 67(5, 6)
|	|	|------ 67(3, 5)
|	|	|------ 52(4, 5)
|	|	|------ 50(6, 0)
|	|	|------ 64(6, 1)
|	|	|------ 55(6, 5)
|	|	|------ 50(6, 6)
|	|------ 90(6, 0)
|	|	|------ 69(3, 5)
|	|	|------ 50(4, 5)
|	|	|------ 50(5, 6)
|	|	|------ 90(6, 1)
|	|	|------ 55(6, 5)
|	|	|------ 50(6, 6)
|	|------ 66(6, 1)
|	|	|------ 59(3, 5)
|	|	|------ 40(4, 5)
|	|	|------ 40(5, 6)
|	|	|------ 66(6, 0)
|	|	|------ 45(6, 5)
|	|	|------ 40(6, 6)
|	|------ 58(6, 5)
|	|	|------ 58(3, 5)
|	|	|------ 48(4, 5)
|	|	|------ 43(5, 6)
|	|	|------ 43(6, 0)
|	|	|------ 57(6, 1)
|	|	|------ 43(6, 6)
|	|------ 67(6, 6)
|	|	|------ 67(3, 5)
|	|	|------ 50(4, 5)
|	|	|------ 52(5, 6)
|	|	|------ 52(6, 0)
|	|	|------ 66(6, 1)
|	|	|------ 57(6, 5)
|------ 45(5, 6)
|	|------ 45(3, 5)
|	|	|------ 45(4, 5)
|	|	|------ 31(4, 6)
|	|	|------ 31(6, 0)
|	|	|------ 45(6, 1)
|	|	|------ 32(6, 5)
|	|	|------ 27(6, 6)
|	|------ 75(4, 5)
|	|	|------ 75(3, 5)
|	|	|------ 46(4, 6)
|	|	|------ 42(6, 0)
|	|	|------ 56(6, 1)
|	|	|------ 54(6, 5)
|	|	|------ 42(6, 6)
|	|------ 67(4, 6)
|	|	|------ 67(3, 5)
|	|	|------ 52(4, 5)
|	|	|------ 48(6, 0)
|	|	|------ 62(6, 1)
|	|	|------ 53(6, 5)
|	|	|------ 48(6, 6)
|	|------ 88(6, 0)
|	|	|------ 69(3, 5)
|	|	|------ 50(4, 5)
|	|	|------ 50(4, 6)
|	|	|------ 88(6, 1)
|	|	|------ 53(6, 5)
|	|	|------ 48(6, 6)
|	|------ 64(6, 1)
|	|	|------ 59(3, 5)
|	|	|------ 40(4, 5)
|	|	|------ 40(4, 6)
|	|	|------ 64(6, 0)
|	|	|------ 43(6, 5)
|	|	|------ 38(6, 6)
|	|------ 56(6, 5)
|	|	|------ 56(3, 5)
|	|	|------ 48(4, 5)
|	|	|------ 41(4, 6)
|	|	|------ 39(6, 0)
|	|	|------ 53(6, 1)
|	|	|------ 51(6, 6)
|	|------ 65(6, 6)
|	|	|------ 65(3, 5)
|	|	|------ 50(4, 5)
|	|	|------ 50(4, 6)
|	|	|------ 48(6, 0)
|	|	|------ 62(6, 1)
|	|	|------ 65(6, 5)
|------ 37(6, 0)
|	|------ 65(3, 5)
|	|	|------ 49(4, 5)
|	|	|------ 35(4, 6)
|	|	|------ 31(5, 6)
|	|	|------ 65(6, 1)
|	|	|------ 36(6, 5)
|	|	|------ 31(6, 6)
|	|------ 81(4, 5)
|	|	|------ 81(3, 5)
|	|	|------ 50(4, 6)
|	|	|------ 48(5, 6)
|	|	|------ 78(6, 1)
|	|	|------ 58(6, 5)
|	|	|------ 46(6, 6)
|	|------ 84(4, 6)
|	|	|------ 73(3, 5)
|	|	|------ 56(4, 5)
|	|	|------ 54(5, 6)
|	|	|------ 84(6, 1)
|	|	|------ 57(6, 5)
|	|	|------ 52(6, 6)
|	|------ 84(5, 6)
|	|	|------ 71(3, 5)
|	|	|------ 56(4, 5)
|	|	|------ 56(4, 6)
|	|	|------ 84(6, 1)
|	|	|------ 59(6, 5)
|	|	|------ 54(6, 6)
|	|------ 37(6, 1)
|	|	|------ 37(3, 5)
|	|	|------ 18(4, 5)
|	|	|------ 18(4, 6)
|	|	|------ 16(5, 6)
|	|	|------ 21(6, 5)
|	|	|------ 16(6, 6)
|	|------ 75(6, 5)
|	|	|------ 62(3, 5)
|	|	|------ 52(4, 5)
|	|	|------ 45(4, 6)
|	|	|------ 45(5, 6)
|	|	|------ 75(6, 1)
|	|	|------ 45(6, 6)
|	|------ 84(6, 6)
|	|	|------ 71(3, 5)
|	|	|------ 54(4, 5)
|	|	|------ 54(4, 6)
|	|	|------ 54(5, 6)
|	|	|------ 84(6, 1)
|	|	|------ 59(6, 5)
|------ 61(6, 1)
|	|------ 65(3, 5)
|	|	|------ 63(4, 5)
|	|	|------ 49(4, 6)
|	|	|------ 45(5, 6)
|	|	|------ 65(6, 0)
|	|	|------ 50(6, 5)
|	|	|------ 45(6, 6)
|	|------ 95(4, 5)
|	|	|------ 95(3, 5)
|	|	|------ 64(4, 6)
|	|	|------ 62(5, 6)
|	|	|------ 78(6, 0)
|	|	|------ 72(6, 5)
|	|	|------ 60(6, 6)
|	|------ 87(4, 6)
|	|	|------ 87(3, 5)
|	|	|------ 70(4, 5)
|	|	|------ 68(5, 6)
|	|	|------ 84(6, 0)
|	|	|------ 71(6, 5)
|	|	|------ 66(6, 6)
|	|------ 85(5, 6)
|	|	|------ 85(3, 5)
|	|	|------ 70(4, 5)
|	|	|------ 70(4, 6)
|	|	|------ 84(6, 0)
|	|	|------ 73(6, 5)
|	|	|------ 68(6, 6)
|	|------ 61(6, 0)
|	|	|------ 61(3, 5)
|	|	|------ 42(4, 5)
|	|	|------ 42(4, 6)
|	|	|------ 40(5, 6)
|	|	|------ 45(6, 5)
|	|	|------ 40(6, 6)
|	|------ 76(6, 5)
|	|	|------ 76(3, 5)
|	|	|------ 66(4, 5)
|	|	|------ 59(4, 6)
|	|	|------ 59(5, 6)
|	|	|------ 75(6, 0)
|	|	|------ 59(6, 6)
|	|------ 85(6, 6)
|	|	|------ 85(3, 5)
|	|	|------ 68(4, 5)
|	|	|------ 68(4, 6)
|	|	|------ 68(5, 6)
|	|	|------ 84(6, 0)
|	|	|------ 73(6, 5)
|------ 55(6, 5)
|	|------ 55(3, 5)
|	|	|------ 55(4, 5)
|	|	|------ 36(4, 6)
|	|	|------ 32(5, 6)
|	|	|------ 36(6, 0)
|	|	|------ 50(6, 1)
|	|	|------ 32(6, 6)
|	|------ 77(4, 5)
|	|	|------ 77(3, 5)
|	|	|------ 46(4, 6)
|	|	|------ 44(5, 6)
|	|	|------ 44(6, 0)
|	|	|------ 58(6, 1)
|	|	|------ 42(6, 6)
|	|------ 74(4, 6)
|	|	|------ 74(3, 5)
|	|	|------ 62(4, 5)
|	|	|------ 55(5, 6)
|	|	|------ 55(6, 0)
|	|	|------ 69(6, 1)
|	|	|------ 53(6, 6)
|	|------ 70(5, 6)
|	|	|------ 70(3, 5)
|	|	|------ 60(4, 5)
|	|	|------ 55(4, 6)
|	|	|------ 53(6, 0)
|	|	|------ 67(6, 1)
|	|	|------ 65(6, 6)
|	|------ 93(6, 0)
|	|	|------ 74(3, 5)
|	|	|------ 60(4, 5)
|	|	|------ 55(4, 6)
|	|	|------ 53(5, 6)
|	|	|------ 93(6, 1)
|	|	|------ 53(6, 6)
|	|------ 69(6, 1)
|	|	|------ 64(3, 5)
|	|	|------ 50(4, 5)
|	|	|------ 45(4, 6)
|	|	|------ 43(5, 6)
|	|	|------ 69(6, 0)
|	|	|------ 43(6, 6)
|	|------ 70(6, 6)
|	|	|------ 70(3, 5)
|	|	|------ 58(4, 5)
|	|	|------ 53(4, 6)
|	|	|------ 65(5, 6)
|	|	|------ 53(6, 0)
|	|	|------ 67(6, 1)
|------ 45(6, 6)
|	|------ 45(3, 5)
|	|	|------ 45(4, 5)
|	|	|------ 31(4, 6)
|	|	|------ 27(5, 6)
|	|	|------ 31(6, 0)
|	|	|------ 45(6, 1)
|	|	|------ 32(6, 5)
|	|------ 77(4, 5)
|	|	|------ 77(3, 5)
|	|	|------ 46(4, 6)
|	|	|------ 44(5, 6)
|	|	|------ 44(6, 0)
|	|	|------ 58(6, 1)
|	|	|------ 54(6, 5)
|	|------ 69(4, 6)
|	|	|------ 69(3, 5)
|	|	|------ 52(4, 5)
|	|	|------ 50(5, 6)
|	|	|------ 50(6, 0)
|	|	|------ 64(6, 1)
|	|	|------ 53(6, 5)
|	|------ 65(5, 6)
|	|	|------ 65(3, 5)
|	|	|------ 50(4, 5)
|	|	|------ 50(4, 6)
|	|	|------ 48(6, 0)
|	|	|------ 62(6, 1)
|	|	|------ 65(6, 5)
|	|------ 88(6, 0)
|	|	|------ 69(3, 5)
|	|	|------ 50(4, 5)
|	|	|------ 50(4, 6)
|	|	|------ 48(5, 6)
|	|	|------ 88(6, 1)
|	|	|------ 53(6, 5)
|	|------ 64(6, 1)
|	|	|------ 59(3, 5)
|	|	|------ 40(4, 5)
|	|	|------ 40(4, 6)
|	|	|------ 38(5, 6)
|	|	|------ 64(6, 0)
|	|	|------ 43(6, 5)
|	|------ 56(6, 5)
|	|	|------ 56(3, 5)
|	|	|------ 46(4, 5)
|	|	|------ 39(4, 6)
|	|	|------ 51(5, 6)
|	|	|------ 39(6, 0)
|	|	|------ 53(6, 1)
|