61None
|------ 44(3, 0)
|	|------ 44(3, 1)
|	|	|------ 44(4, 0)
|	|	|------ 39(4, 2)
|	|	|------ 37(4, 3)
|	|	|------ 40(4, 4)
|	|	|------ 35(5, 0)
|	|	|------ 35(5, 1)
|	|	|------ 35(5, 2)
|	|	|------ 33(5, 3)
|	|	|------ 33(5, 4)
|	|	|------ 33(6, 2)
|	|	|------ 33(6, 3)
|	|	|------ 33(6, 4)
|	|	|------ 33(6, 5)
|	|	|------ 33(6, 6)
|	|------ 82(4, 0)
|	|	|------ 82(3, 1)
|	|	|------ 58(4, 2)
|	|	|------ 58(4, 3)
|	|	|------ 61(4, 4)
|	|	|------ 58(5, 0)
|	|	|------ 58(5, 1)
|	|	|------ 56(5, 2)
|	|	|------ 54(5, 3)
|	|	|------ 54(5, 4)
|	|	|------ 54(6, 2)
|	|	|------ 54(6, 3)
|	|	|------ 54(6, 4)
|	|	|------ 54(6, 5)
|	|	|------ 54(6, 6)
|	|------ 75(4, 2)
|	|	|------ 75(3, 1)
|	|	|------ 56(4, 0)
|	|	|------ 62(4, 3)
|	|	|------ 63(4, 4)
|	|	|------ 56(5, 0)
|	|	|------ 58(5, 1)
|	|	|------ 58(5, 2)
|	|	|------ 56(5, 3)
|	|	|------ 54(5, 4)
|	|	|------ 54(6, 2)
|	|	|------ 54(6, 3)
|	|	|------ 54(6, 4)
|	|	|------ 54(6, 5)
|	|	|------ 54(6, 6)
|	|------ 73(4, 3)
|	|	|------ 73(3, 1)
|	|	|------ 56(4, 0)
|	|	|------ 62(4, 2)
|	|	|------ 72(4, 4)
|	|	|------ 56(5, 0)
|	|	|------ 56(5, 1)
|	|	|------ 58(5, 2)
|	|	|------ 58(5, 3)
|	|	|------ 58(5, 4)
|	|	|------ 56(6, 2)
|	|	|------ 56(6, 3)
|	|	|------ 56(6, 4)
|	|	|------ 56(6, 5)
|	|	|------ 56(6, 6)
|	|------ 62(4, 4)
|	|	|------ 62(3, 1)
|	|	|------ 45(4, 0)
|	|	|------ 49(4, 2)
|	|	|------ 58(4, 3)
|	|	|------ 45(5, 0)
|	|	|------ 45(5, 1)
|	|	|------ 45(5, 2)
|	|	|------ 47(5, 3)
|	|	|------ 56(5, 4)
|	|	|------ 45(6, 2)
|	|	|------ 45(6, 3)
|	|	|------ 47(6, 4)
|	|	|------ 47(6, 5)
|	|	|------ 47(6, 6)
|	|------ 71(5, 0)
|	|	|------ 71(3, 1)
|	|	|------ 56(4, 0)
|	|	|------ 56(4, 2)
|	|	|------ 56(4, 3)
|	|	|------ 59(4, 4)
|	|	|------ 65(5, 1)
|	|	|------ 56(5, 2)
|	|	|------ 52(5, 3)
|	|	|------ 52(5, 4)
|	|	|------ 54(6, 2)
|	|	|------ 52(6, 3)
|	|	|------ 52(6, 4)
|	|	|------ 52(6, 5)
|	|	|------ 52(6, 6)
|	|------ 71(5, 1)
|	|	|------ 71(3, 1)
|	|	|------ 56(4, 0)
|	|	|------ 58(4, 2)
|	|	|------ 56(4, 3)
|	|	|------ 59(4, 4)
|	|	|------ 65(5, 0)
|	|	|------ 58(5, 2)
|	|	|------ 52(5, 3)
|	|	|------ 52(5, 4)
|	|	|------ 56(6, 2)
|	|	|------ 52(6, 3)
|	|	|------ 52(6, 4)
|	|	|------ 52(6, 5)
|	|	|------ 52(6, 6)
|	|------ 73(5, 2)
|	|	|------ 73(3, 1)
|	|	|------ 56(4, 0)
|	|	|------ 60(4, 2)
|	|	|------ 60(4, 3)
|	|	|------ 61(4, 4)
|	|	|------ 58(5, 0)
|	|	|------ 60(5, 1)
|	|	|------ 56(5, 3)
|	|	|------ 54(5, 4)
|	|	|------ 58(6, 2)
|	|	|------ 56(6, 3)
|	|	|------ 54(6, 4)
|	|	|------ 54(6, 5)
|	|	|------ 54(6, 6)
|	|------ 75(5, 3)
|	|	|------ 75(3, 1)
|	|	|------ 58(4, 0)
|	|	|------ 62(4, 2)
|	|	|------ 64(4, 3)
|	|	|------ 67(4, 4)
|	|	|------ 58(5, 0)
|	|	|------ 58(5, 1)
|	|	|------ 60(5, 2)
|	|	|------ 60(5, 4)
|	|	|------ 60(6, 2)
|	|	|------ 60(6, 3)
|	|	|------ 60(6, 4)
|	|	|------ 58(6, 5)
|	|	|------ 58(6, 6)
|	|------ 72(5, 4)
|	|	|------ 71(3, 1)
|	|	|------ 54(4, 0)
|	|	|------ 56(4, 2)
|	|	|------ 60(4, 3)
|	|	|------ 72(4, 4)
|	|	|------ 54(5, 0)
|	|	|------ 54(5, 1)
|	|	|------ 54(5, 2)
|	|	|------ 56(5, 3)
|	|	|------ 54(6, 2)
|	|	|------ 56(6, 3)
|	|	|------ 58(6, 4)
|	|	|------ 58(6, 5)
|	|	|------ 56(6, 6)
|	|------ 73(6, 2)
|	|	|------ 73(3, 1)
|	|	|------ 56(4, 0)
|	|	|------ 58(4, 2)
|	|	|------ 60(4, 3)
|	|	|------ 63(4, 4)
|	|	|------ 58(5, 0)
|	|	|------ 60(5, 1)
|	|	|------ 60(5, 2)
|	|	|------ 58(5, 3)
|	|	|------ 56(5, 4)
|	|	|------ 58(6, 3)
|	|	|------ 56(6, 4)
|	|	|------ 56(6, 5)
|	|	|------ 56(6, 6)
|	|------ 75(6, 3)
|	|	|------ 75(3, 1)
|	|	|------ 58(4, 0)
|	|	|------ 60(4, 2)
|	|	|------ 62(4, 3)
|	|	|------ 65(4, 4)
|	|	|------ 58(5, 0)
|	|	|------ 58(5, 1)
|	|	|------ 60(5, 2)
|	|	|------ 60(5, 3)
|	|	|------ 60(5, 4)
|	|	|------ 60(6, 2)
|	|	|------ 60(6, 4)
|	|	|------ 58(6, 5)
|	|	|------ 58(6, 6)
|	|------ 73(6, 4)
|	|	|------ 73(3, 1)
|	|	|------ 56(4, 0)
|	|	|------ 58(4, 2)
|	|	|------ 60(4, 3)
|	|	|------ 65(4, 4)
|	|	|------ 56(5, 0)
|	|	|------ 56(5, 1)
|	|	|------ 56(5, 2)
|	|	|------ 58(5, 3)
|	|	|------ 60(5, 4)
|	|	|------ 56(6, 2)
|	|	|------ 58(6, 3)
|	|	|------ 60(6, 5)
|	|	|------ 58(6, 6)
|	|------ 71(6, 5)
|	|	|------ 71(3, 1)
|	|	|------ 54(4, 0)
|	|	|------ 56(4, 2)
|	|	|------ 58(4, 3)
|	|	|------ 63(4, 4)
|	|	|------ 54(5, 0)
|	|	|------ 54(5, 1)
|	|	|------ 54(5, 2)
|	|	|------ 54(5, 3)
|	|	|------ 58(5, 4)
|	|	|------ 54(6, 2)
|	|	|------ 54(6, 3)
|	|	|------ 58(6, 4)
|	|	|------ 70(6, 6)
|	|------ 71(6, 6)
|	|	|------ 71(3, 1)
|	|	|------ 54(4, 0)
|	|	|------ 56(4, 2)
|	|	|------ 58(4, 3)
|	|	|------ 63(4, 4)
|	|	|------ 54(5, 0)
|	|	|------ 54(5, 1)
|	|	|------ 54(5, 2)
|	|	|------ 54(5, 3)
|	|	|------ 56(5, 4)
|	|	|------ 54(6, 2)
|	|	|------ 54(6, 3)
|	|	|------ 56(6, 4)
|	|	|------ 70(6, 5)
|------ 58(3, 1)
|	|------ 58(3, 0)
|	|	|------ 58(4, 0)
|	|	|------ 51(4, 2)
|	|	|------ 49(4, 3)
|	|	|------ 54(4, 4)
|	|	|------ 49(5, 0)
|	|	|------ 49(5, 1)
|	|	|------ 49(5, 2)
|	|	|------ 47(5, 3)
|	|	|------ 47(5, 4)
|	|	|------ 47(6, 2)
|	|	|------ 47(6, 3)
|	|	|------ 47(6, 4)
|	|	|------ 47(6, 5)
|	|	|------ 47(6, 6)
|	|------ 82(4, 0)
|	|	|------ 82(3, 0)
|	|	|------ 65(4, 2)
|	|	|------ 63(4, 3)
|	|	|------ 68(4, 4)
|	|	|------ 65(5, 0)
|	|	|------ 65(5, 1)
|	|	|------ 63(5, 2)
|	|	|------ 61(5, 3)
|	|	|------ 61(5, 4)
|	|	|------ 61(6, 2)
|	|	|------ 61(6, 3)
|	|	|------ 61(6, 4)
|	|	|------ 61(6, 5)
|	|	|------ 61(6, 6)
|	|------ 71(4, 2)
|	|	|------ 71(3, 0)
|	|	|------ 61(4, 0)
|	|	|------ 70(4, 3)
|	|	|------ 66(4, 4)
|	|	|------ 59(5, 0)
|	|	|------ 61(5, 1)
|	|	|------ 61(5, 2)
|	|	|------ 59(5, 3)
|	|	|------ 57(5, 4)
|	|	|------ 57(6, 2)
|	|	|------ 57(6, 3)
|	|	|------ 57(6, 4)
|	|	|------ 57(6, 5)
|	|	|------ 57(6, 6)
|	|------ 77(4, 3)
|	|	|------ 71(3, 0)
|	|	|------ 61(4, 0)
|	|	|------ 72(4, 2)
|	|	|------ 77(4, 4)
|	|	|------ 61(5, 0)
|	|	|------ 61(5, 1)
|	|	|------ 63(5, 2)
|	|	|------ 63(5, 3)
|	|	|------ 63(5, 4)
|	|	|------ 61(6, 2)
|	|	|------ 61(6, 3)
|	|	|------ 61(6, 4)
|	|	|------ 61(6, 5)
|	|	|------ 61(6, 6)
|	|------ 63(4, 4)
|	|	|------ 62(3, 0)
|	|	|------ 52(4, 0)
|	|	|------ 54(4, 2)
|	|	|------ 63(4, 3)
|	|	|------ 52(5, 0)
|	|	|------ 52(5, 1)
|	|	|------ 52(5, 2)
|	|	|------ 54(5, 3)
|	|	|------ 63(5, 4)
|	|	|------ 52(6, 2)
|	|	|------ 52(6, 3)
|	|	|------ 54(6, 4)
|	|	|------ 54(6, 5)
|	|	|------ 54(6, 6)
|	|------ 72(5, 0)
|	|	|------ 71(3, 0)
|	|	|------ 63(4, 0)
|	|	|------ 61(4, 2)
|	|	|------ 61(4, 3)
|	|	|------ 66(4, 4)
|	|	|------ 72(5, 1)
|	|	|------ 63(5, 2)
|	|	|------ 59(5, 3)
|	|	|------ 59(5, 4)
|	|	|------ 61(6, 2)
|	|	|------ 59(6, 3)
|	|	|------ 59(6, 4)
|	|	|------ 59(6, 5)
|	|	|------ 59(6, 6)
|	|------ 72(5, 1)
|	|	|------ 71(3, 0)
|	|	|------ 63(4, 0)
|	|	|------ 63(4, 2)
|	|	|------ 61(4, 3)
|	|	|------ 66(4, 4)
|	|	|------ 72(5, 0)
|	|	|------ 65(5, 2)
|	|	|------ 59(5, 3)
|	|	|------ 59(5, 4)
|	|	|------ 63(6, 2)
|	|	|------ 59(6, 3)
|	|	|------ 59(6, 4)
|	|	|------ 59(6, 5)
|	|	|------ 59(6, 6)
|	|------ 73(5, 2)
|	|	|------ 73(3, 0)
|	|	|------ 63(4, 0)
|	|	|------ 65(4, 2)
|	|	|------ 65(4, 3)
|	|	|------ 68(4, 4)
|	|	|------ 65(5, 0)
|	|	|------ 67(5, 1)
|	|	|------ 63(5, 3)
|	|	|------ 61(5, 4)
|	|	|------ 65(6, 2)
|	|	|------ 63(6, 3)
|	|	|------ 61(6, 4)
|	|	|------ 61(6, 5)
|	|	|------ 61(6, 6)
|	|------ 75(5, 3)
|	|	|------ 75(3, 0)
|	|	|------ 65(4, 0)
|	|	|------ 67(4, 2)
|	|	|------ 69(4, 3)
|	|	|------ 74(4, 4)
|	|	|------ 65(5, 0)
|	|	|------ 65(5, 1)
|	|	|------ 67(5, 2)
|	|	|------ 67(5, 4)
|	|	|------ 67(6, 2)
|	|	|------ 67(6, 3)
|	|	|------ 67(6, 4)
|	|	|------ 65(6, 5)
|	|	|------ 65(6, 6)
|	|------ 79(5, 4)
|	|	|------ 71(3, 0)
|	|	|------ 61(4, 0)
|	|	|------ 61(4, 2)
|	|	|------ 65(4, 3)
|	|	|------ 79(4, 4)
|	|	|------ 61(5, 0)
|	|	|------ 61(5, 1)
|	|	|------ 61(5, 2)
|	|	|------ 63(5, 3)
|	|	|------ 61(6, 2)
|	|	|------ 63(6, 3)
|	|	|------ 65(6, 4)
|	|	|------ 65(6, 5)
|	|	|------ 63(6, 6)
|	|------ 73(6, 2)
|	|	|------ 73(3, 0)
|	|	|------ 63(4, 0)
|	|	|------ 63(4, 2)
|	|	|------ 65(4, 3)
|	|	|------ 70(4, 4)
|	|	|------ 65(5, 0)
|	|	|------ 67(5, 1)
|	|	|------ 67(5, 2)
|	|	|------ 65(5, 3)
|	|	|------ 63(5, 4)
|	|	|------ 65(6, 3)
|	|	|------ 63(6, 4)
|	|	|------ 63(6, 5)
|	|	|------ 63(6, 6)
|	|------ 75(6, 3)
|	|	|------ 75(3, 0)
|	|	|------ 65(4, 0)
|	|	|------ 65(4, 2)
|	|	|------ 67(4, 3)
|	|	|------ 72(4, 4)
|	|	|------ 65(5, 0)
|	|	|------ 65(5, 1)
|	|	|------ 67(5, 2)
|	|	|------ 67(5, 3)
|	|	|------ 67(5, 4)
|	|	|------ 67(6, 2)
|	|	|------ 67(6, 4)
|	|	|------ 65(6, 5)
|	|	|------ 65(6, 6)
|	|------ 73(6, 4)
|	|	|------ 73(3, 0)
|	|	|------ 63(4, 0)
|	|	|------ 63(4, 2)
|	|	|------ 65(4, 3)
|	|	|------ 72(4, 4)
|	|	|------ 63(5, 0)
|	|	|------ 63(5, 1)
|	|	|------ 63(5, 2)
|	|	|------ 65(5, 3)
|	|	|------ 67(5, 4)
|	|	|------ 63(6, 2)
|	|	|------ 65(6, 3)
|	|	|------ 67(6, 5)
|	|	|------ 65(6, 6)
|	|------ 77(6, 5)
|	|	|------ 71(3, 0)
|	|	|------ 61(4, 0)
|	|	|------ 61(4, 2)
|	|	|------ 63(4, 3)
|	|	|------ 70(4, 4)
|	|	|------ 61(5, 0)
|	|	|------ 61(5, 1)
|	|	|------ 61(5, 2)
|	|	|------ 61(5, 3)
|	|	|------ 65(5, 4)
|	|	|------ 61(6, 2)
|	|	|------ 61(6, 3)
|	|	|------ 65(6, 4)
|	|	|------ 77(6, 6)
|	|------ 77(6, 6)
|	|	|------ 71(3, 0)
|	|	|------ 61(4, 0)
|	|	|------ 61(4, 2)
|	|	|------ 63(4, 3)
|	|	|------ 70(4, 4)
|	|	|------ 61(5, 0)
|	|	|------ 61(5, 1)
|	|	|------ 61(5, 2)
|	|	|------ 61(5, 3)
|	|	|------ 63(5, 4)
|	|	|------ 61(6, 2)
|	|	|------ 61(6, 3)
|	|	|------ 63(6, 4)
|	|	|------ 77(6, 5)
|------ 56(4, 0)
|	|------ 82(3, 0)
|	|	|------ 82(3, 1)
|	|	|------ 54(4, 2)
|	|	|------ 54(4, 3)
|	|	|------ 57(4, 4)
|	|	|------ 54(5, 0)
|	|	|------ 54(5, 1)
|	|	|------ 52(5, 2)
|	|	|------ 50(5, 3)
|	|	|------ 50(5, 4)
|	|	|------ 50(6, 2)
|	|	|------ 50(6, 3)
|	|	|------ 50(6, 4)
|	|	|------ 50(6, 5)
|	|	|------ 50(6, 6)
|	|------ 68(3, 1)
|	|	|------ 68(3, 0)
|	|	|------ 49(4, 2)
|	|	|------ 47(4, 3)
|	|	|------ 50(4, 4)
|	|	|------ 47(5, 0)
|	|	|------ 47(5, 1)
|	|	|------ 45(5, 2)
|	|	|------ 43(5, 3)
|	|	|------ 43(5, 4)
|	|	|------ 43(6, 2)
|	|	|------ 43(6, 3)
|	|	|------ 43(6, 4)
|	|	|------ 43(6, 5)
|	|	|------ 43(6, 6)
|	|------ 65(4, 2)
|	|	|------ 56(3, 0)
|	|	|------ 65(3, 1)
|	|	|------ 60(4, 3)
|	|	|------ 61(4, 4)
|	|	|------ 54(5, 0)
|	|	|------ 56(5, 1)
|	|	|------ 56(5, 2)
|	|	|------ 54(5, 3)
|	|	|------ 52(5, 4)
|	|	|------ 52(6, 2)
|	|	|------ 52(6, 3)
|	|	|------ 52(6, 4)
|	|	|------ 52(6, 5)
|	|	|------ 52(6, 6)
|	|------ 70(4, 3)
|	|	|------ 56(3, 0)
|	|	|------ 63(3, 1)
|	|	|------ 60(4, 2)
|	|	|------ 70(4, 4)
|	|	|------ 54(5, 0)
|	|	|------ 54(5, 1)
|	|	|------ 56(5, 2)
|	|	|------ 56(5, 3)
|	|	|------ 56(5, 4)
|	|	|------ 54(6, 2)
|	|	|------ 54(6, 3)
|	|	|------ 54(6, 4)
|	|	|------ 54(6, 5)
|	|	|------ 54(6, 6)
|	|------ 56(4, 4)
|	|	|------ 45(3, 0)
|	|	|------ 52(3, 1)
|	|	|------ 47(4, 2)
|	|	|------ 56(4, 3)
|	|	|------ 43(5, 0)
|	|	|------ 43(5, 1)
|	|	|------ 43(5, 2)
|	|	|------ 45(5, 3)
|	|	|------ 54(5, 4)
|	|	|------ 43(6, 2)
|	|	|------ 43(6, 3)
|	|	|------ 45(6, 4)
|	|	|------ 45(6, 5)
|	|	|------ 45(6, 6)
|	|------ 68(5, 0)
|	|	|------ 54(3, 0)
|	|	|------ 61(3, 1)
|	|	|------ 52(4, 2)
|	|	|------ 52(4, 3)
|	|	|------ 55(4, 4)
|	|	|------ 68(5, 1)
|	|	|------ 52(5, 2)
|	|	|------ 48(5, 3)
|	|	|------ 48(5, 4)
|	|	|------ 50(6, 2)
|	|	|------ 48(6, 3)
|	|	|------ 48(6, 4)
|	|	|------ 48(6, 5)
|	|	|------ 48(6, 6)
|	|------ 68(5, 1)
|	|	|------ 54(3, 0)
|	|	|------ 61(3, 1)
|	|	|------ 54(4, 2)
|	|	|------ 52(4, 3)
|	|	|------ 55(4, 4)
|	|	|------ 68(5, 0)
|	|	|------ 54(5, 2)
|	|	|------ 48(5, 3)
|	|	|------ 48(5, 4)
|	|	|------ 52(6, 2)
|	|	|------ 48(6, 3)
|	|	|------ 48(6, 4)
|	|	|------ 48(6, 5)
|	|	|------ 48(6, 6)
|	|------ 63(5, 2)
|	|	|------ 56(3, 0)
|	|	|------ 63(3, 1)
|	|	|------ 58(4, 2)
|	|	|------ 58(4, 3)
|	|	|------ 59(4, 4)
|	|	|------ 56(5, 0)
|	|	|------ 58(5, 1)
|	|	|------ 54(5, 3)
|	|	|------ 52(5, 4)
|	|	|------ 56(6, 2)
|	|	|------ 54(6, 3)
|	|	|------ 52(6, 4)
|	|	|------ 52(6, 5)
|	|	|------ 52(6, 6)
|	|------ 65(5, 3)
|	|	|------ 58(3, 0)
|	|	|------ 65(3, 1)
|	|	|------ 60(4, 2)
|	|	|------ 62(4, 3)
|	|	|------ 65(4, 4)
|	|	|------ 56(5, 0)
|	|	|------ 56(5, 1)
|	|	|------ 58(5, 2)
|	|	|------ 58(5, 4)
|	|	|------ 58(6, 2)
|	|	|------ 58(6, 3)
|	|	|------ 58(6, 4)
|	|	|------ 56(6, 5)
|	|	|------ 56(6, 6)
|	|------ 70(5, 4)
|	|	|------ 54(3, 0)
|	|	|------ 61(3, 1)
|	|	|------ 54(4, 2)
|	|	|------ 58(4, 3)
|	|	|------ 70(4, 4)
|	|	|------ 52(5, 0)
|	|	|------ 52(5, 1)
|	|	|------ 52(5, 2)
|	|	|------ 54(5, 3)
|	|	|------ 52(6, 2)
|	|	|------ 54(6, 3)
|	|	|------ 56(6, 4)
|	|	|------ 56(6, 5)
|	|	|------ 54(6, 6)
|	|------ 63(6, 2)
|	|	|------ 56(3, 0)
|	|	|------ 63(3, 1)
|	|	|------ 56(4, 2)
|	|	|------ 58(4, 3)
|	|	|------ 61(4, 4)
|	|	|------ 56(5, 0)
|	|	|------ 58(5, 1)
|	|	|------ 58(5, 2)
|	|	|------ 56(5, 3)
|	|	|------ 54(5, 4)
|	|	|------ 56(6, 3)
|	|	|------ 54(6, 4)
|	|	|------ 54(6, 5)
|	|	|------ 54(6, 6)
|	|------ 65(6, 3)
|	|	|------ 58(3, 0)
|	|	|------ 65(3, 1)
|	|	|------ 58(4, 2)
|	|	|------ 60(4, 3)
|	|	|------ 63(4, 4)
|	|	|------ 56(5, 0)
|	|	|------ 56(5, 1)
|	|	|------ 58(5, 2)
|	|	|------ 58(5, 3)
|	|	|------ 58(5, 4)
|	|	|------ 58(6, 2)
|	|	|------ 58(6, 4)
|	|	|------ 56(6, 5)
|	|	|------ 56(6, 6)
|	|------ 63(6, 4)
|	|	|------ 56(3, 0)
|	|	|------ 63(3, 1)
|	|	|------ 56(4, 2)
|	|	|------ 58(4, 3)
|	|	|------ 63(4, 4)
|	|	|------ 54(5, 0)
|	|	|------ 54(5, 1)
|	|	|------ 54(5, 2)
|	|	|------ 56(5, 3)
|	|	|------ 58(5, 4)
|	|	|------ 54(6, 2)
|	|	|------ 56(6, 3)
|	|	|------ 58(6, 5)
|	|	|------ 56(6, 6)
|	|------ 68(6, 5)
|	|	|------ 54(3, 0)
|	|	|------ 61(3, 1)
|	|	|------ 54(4, 2)
|	|	|------ 56(4, 3)
|	|	|------ 61(4, 4)
|	|	|------ 52(5, 0)
|	|	|------ 52(5, 1)
|	|	|------ 52(5, 2)
|	|	|------ 52(5, 3)
|	|	|------ 56(5, 4)
|	|	|------ 52(6, 2)
|	|	|------ 52(6, 3)
|	|	|------ 56(6, 4)
|	|	|------ 68(6, 6)
|	|------ 68(6, 6)
|	|	|------ 54(3, 0)
|	|	|------ 61(3, 1)
|	|	|------ 54(4, 2)
|	|	|------ 56(4, 3)
|	|	|------ 61(4, 4)
|	|	|------ 52(5, 0)
|	|	|------ 52(5, 1)
|	|	|------ 52(5, 2)
|	|	|------ 52(5, 3)
|	|	|------ 54(5, 4)
|	|	|------ 52(6, 2)
|	|	|------ 52(6, 3)
|	|	|------ 54(6, 4)
|	|	|------ 68(6, 5)
|------ 61(4, 2)
|	|------ 77(3, 0)
|	|	|------ 77(3, 1)
|	|	|------ 58(4, 0)
|	|	|------ 56(4, 3)
|	|	|------ 61(4, 4)
|	|	|------ 56(5, 0)
|	|	|------ 56(5, 1)
|	|	|------ 56(5, 2)
|	|	|------ 54(5, 3)
|	|	|------ 54(5, 4)
|	|	|------ 54(6, 2)
|	|	|------ 54(6, 3)
|	|	|------ 54(6, 4)
|	|	|------ 54(6, 5)
|	|	|------ 54(6, 6)
|	|------ 61(3, 1)
|	|	|------ 61(3, 0)
|	|	|------ 47(4, 0)
|	|	|------ 54(4, 3)
|	|	|------ 50(4, 4)
|	|	|------ 45(5, 0)
|	|	|------ 47(5, 1)
|	|	|------ 47(5, 2)
|	|	|------ 45(5, 3)
|	|	|------ 43(5, 4)
|	|	|------ 43(6, 2)
|	|	|------ 43(6, 3)
|	|	|------ 43(6, 4)
|	|	|------ 43(6, 5)
|	|	|------ 43(6, 6)
|	|------ 67(4, 0)
|	|	|------ 62(3, 0)
|	|	|------ 67(3, 1)
|	|	|------ 58(4, 3)
|	|	|------ 63(4, 4)
|	|	|------ 60(5, 0)
|	|	|------ 60(5, 1)
|	|	|------ 58(5, 2)
|	|	|------ 56(5, 3)
|	|	|------ 56(5, 4)
|	|	|------ 56(6, 2)
|	|	|------ 56(6, 3)
|	|	|------ 56(6, 4)
|	|	|------ 56(6, 5)
|	|	|------ 56(6, 6)
|	|------ 73(4, 3)
|	|	|------ 54(3, 0)
|	|	|------ 68(3, 1)
|	|	|------ 52(4, 0)
|	|	|------ 73(4, 4)
|	|	|------ 52(5, 0)
|	|	|------ 54(5, 1)
|	|	|------ 56(5, 2)
|	|	|------ 56(5, 3)
|	|	|------ 54(5, 4)
|	|	|------ 52(6, 2)
|	|	|------ 52(6, 3)
|	|	|------ 52(6, 4)
|	|	|------ 52(6, 5)
|	|	|------ 52(6, 6)
|	|------ 61(4, 4)
|	|	|------ 47(3, 0)
|	|	|------ 52(3, 1)
|	|	|------ 45(4, 0)
|	|	|------ 61(4, 3)
|	|	|------ 45(5, 0)
|	|	|------ 45(5, 1)
|	|	|------ 45(5, 2)
|	|	|------ 47(5, 3)
|	|	|------ 56(5, 4)
|	|	|------ 45(6, 2)
|	|	|------ 45(6, 3)
|	|	|------ 47(6, 4)
|	|	|------ 47(6, 5)
|	|	|------ 47(6, 6)
|	|------ 65(5, 0)
|	|	|------ 56(3, 0)
|	|	|------ 61(3, 1)
|	|	|------ 56(4, 0)
|	|	|------ 54(4, 3)
|	|	|------ 59(4, 4)
|	|	|------ 65(5, 1)
|	|	|------ 56(5, 2)
|	|	|------ 52(5, 3)
|	|	|------ 52(5, 4)
|	|	|------ 54(6, 2)
|	|	|------ 52(6, 3)
|	|	|------ 52(6, 4)
|	|	|------ 52(6, 5)
|	|	|------ 52(6, 6)
|	|------ 63(5, 1)
|	|	|------ 54(3, 0)
|	|	|------ 61(3, 1)
|	|	|------ 54(4, 0)
|	|	|------ 54(4, 3)
|	|	|------ 57(4, 4)
|	|	|------ 63(5, 0)
|	|	|------ 58(5, 2)
|	|	|------ 52(5, 3)
|	|	|------ 50(5, 4)
|	|	|------ 54(6, 2)
|	|	|------ 50(6, 3)
|	|	|------ 50(6, 4)
|	|	|------ 50(6, 5)
|	|	|------ 50(6, 6)
|	|------ 63(5, 2)
|	|	|------ 56(3, 0)
|	|	|------ 63(3, 1)
|	|	|------ 54(4, 0)
|	|	|------ 58(4, 3)
|	|	|------ 59(4, 4)
|	|	|------ 56(5, 0)
|	|	|------ 60(5, 1)
|	|	|------ 56(5, 3)
|	|	|------ 52(5, 4)
|	|	|------ 56(6, 2)
|	|	|------ 54(6, 3)
|	|	|------ 52(6, 4)
|	|	|------ 52(6, 5)
|	|	|------ 52(6, 6)
|	|------ 65(5, 3)
|	|	|------ 58(3, 0)
|	|	|------ 65(3, 1)
|	|	|------ 56(4, 0)
|	|	|------ 62(4, 3)
|	|	|------ 65(4, 4)
|	|	|------ 56(5, 0)
|	|	|------ 58(5, 1)
|	|	|------ 60(5, 2)
|	|	|------ 58(5, 4)
|	|	|------ 58(6, 2)
|	|	|------ 58(6, 3)
|	|	|------ 58(6, 4)
|	|	|------ 56(6, 5)
|	|	|------ 56(6, 6)
|	|------ 72(5, 4)
|	|	|------ 56(3, 0)
|	|	|------ 61(3, 1)
|	|	|------ 54(4, 0)
|	|	|------ 58(4, 3)
|	|	|------ 72(4, 4)
|	|	|------ 54(5, 0)
|	|	|------ 54(5, 1)
|	|	|------ 54(5, 2)
|	|	|------ 56(5, 3)
|	|	|------ 54(6, 2)
|	|	|------ 56(6, 3)
|	|	|------ 58(6, 4)
|	|	|------ 58(6, 5)
|	|	|------ 56(6, 6)
|	|------ 63(6, 2)
|	|	|------ 58(3, 0)
|	|	|------ 63(3, 1)
|	|	|------ 56(4, 0)
|	|	|------ 58(4, 3)
|	|	|------ 63(4, 4)
|	|	|------ 58(5, 0)
|	|	|------ 60(5, 1)
|	|	|------ 60(5, 2)
|	|	|------ 58(5, 3)
|	|	|------ 56(5, 4)
|	|	|------ 58(6, 3)
|	|	|------ 56(6, 4)
|	|	|------ 56(6, 5)
|	|	|------ 56(6, 6)
|	|------ 65(6, 3)
|	|	|------ 60(3, 0)
|	|	|------ 65(3, 1)
|	|	|------ 58(4, 0)
|	|	|------ 60(4, 3)
|	|	|------ 65(4, 4)
|	|	|------ 58(5, 0)
|	|	|------ 58(5, 1)
|	|	|------ 60(5, 2)
|	|	|------ 60(5, 3)
|	|	|------ 60(5, 4)
|	|	|------ 60(6, 2)
|	|	|------ 60(6, 4)
|	|	|------ 58(6, 5)
|	|	|------ 58(6, 6)
|	|------ 65(6, 4)
|	|	|------ 58(3, 0)
|	|	|------ 63(3, 1)
|	|	|------ 56(4, 0)
|	|	|------ 58(4, 3)
|	|	|------ 65(4, 4)
|	|	|------ 56(5, 0)
|	|	|------ 56(5, 1)
|	|	|------ 56(5, 2)
|	|	|------ 58(5, 3)
|	|	|------ 60(5, 4)
|	|	|------ 56(6, 2)
|	|	|------ 58(6, 3)
|	|	|------ 60(6, 5)
|	|	|------ 58(6, 6)
|	|------ 70(6, 5)
|	|	|------ 56(3, 0)
|	|	|------ 61(3, 1)
|	|	|------ 54(4, 0)
|	|	|------ 56(4, 3)
|	|	|------ 63(4, 4)
|	|	|------ 54(5, 0)
|	|	|------ 54(5, 1)
|	|	|------ 54(5, 2)
|	|	|------ 54(5, 3)
|	|	|------ 58(5, 4)
|	|	|------ 54(6, 2)
|	|	|------ 54(6, 3)
|	|	|------ 58(6, 4)
|	|	|------ 70(6, 6)
|	|------ 70(6, 6)
|	|	|------ 56(3, 0)
|	|	|------ 61(3, 1)
|	|	|------ 54(4, 0)
|	|	|------ 56(4, 3)
|	|	|------ 63(4, 4)
|	|	|------ 54(5, 0)
|	|	|------ 54(5, 1)
|	|	|------ 54(5, 2)
|	|	|------ 54(5, 3)
|	|	|------ 56(5, 4)
|	|	|------ 54(6, 2)
|	|	|------ 54(6, 3)
|	|	|------ 56(6, 4)
|	|	|------ 70(6, 5)
|------ 49(4, 3)
|	|------ 79(3, 0)
|	|	|------ 79(3, 1)
|	|	|------ 60(4, 0)
|	|	|------ 58(4, 2)
|	|	|------ 66(4, 4)
|	|	|------ 58(5, 0)
|	|	|------ 58(5, 1)
|	|	|------ 58(5, 2)
|	|	|------ 56(5, 3)
|	|	|------ 56(5, 4)
|	|	|------ 56(6, 2)
|	|	|------ 56(6, 3)
|	|	|------ 56(6, 4)
|	|	|------ 56(6, 5)
|	|	|------ 56(6, 6)
|	|------ 65(3, 1)
|	|	|------ 65(3, 0)
|	|	|------ 51(4, 0)
|	|	|------ 58(4, 2)
|	|	|------ 57(4, 4)
|	|	|------ 49(5, 0)
|	|	|------ 49(5, 1)
|	|	|------ 49(5, 2)
|	|	|------ 47(5, 3)
|	|	|------ 47(5, 4)
|	|	|------ 47(6, 2)
|	|	|------ 47(6, 3)
|	|	|------ 47(6, 4)
|	|	|------ 47(6, 5)
|	|	|------ 47(6, 6)
|	|------ 69(4, 0)
|	|	|------ 64(3, 0)
|	|	|------ 69(3, 1)
|	|	|------ 60(4, 2)
|	|	|------ 68(4, 4)
|	|	|------ 62(5, 0)
|	|	|------ 62(5, 1)
|	|	|------ 60(5, 2)
|	|	|------ 58(5, 3)
|	|	|------ 58(5, 4)
|	|	|------ 58(6, 2)
|	|	|------ 58(6, 3)
|	|	|------ 58(6, 4)
|	|	|------ 58(6, 5)
|	|	|------ 58(6, 6)
|	|------ 71(4, 2)
|	|	|------ 56(3, 0)
|	|	|------ 70(3, 1)
|	|	|------ 54(4, 0)
|	|	|------ 71(4, 4)
|	|	|------ 54(5, 0)
|	|	|------ 56(5, 1)
|	|	|------ 58(5, 2)
|	|	|------ 56(5, 3)
|	|	|------ 54(5, 4)
|	|	|------ 52(6, 2)
|	|	|------ 52(6, 3)
|	|	|------ 52(6, 4)
|	|	|------ 52(6, 5)
|	|	|------ 52(6, 6)
|	|------ 49(4, 4)
|	|	|------ 40(3, 0)
|	|	|------ 45(3, 1)
|	|	|------ 38(4, 0)
|	|	|------ 47(4, 2)
|	|	|------ 38(5, 0)
|	|	|------ 38(5, 1)
|	|	|------ 40(5, 2)
|	|	|------ 40(5, 3)
|	|	|------ 49(5, 4)
|	|	|------ 36(6, 2)
|	|	|------ 36(6, 3)
|	|	|------ 38(6, 4)
|	|	|------ 38(6, 5)
|	|	|------ 38(6, 6)
|	|------ 67(5, 0)
|	|	|------ 58(3, 0)
|	|	|------ 63(3, 1)
|	|	|------ 58(4, 0)
|	|	|------ 56(4, 2)
|	|	|------ 64(4, 4)
|	|	|------ 67(5, 1)
|	|	|------ 58(5, 2)
|	|	|------ 54(5, 3)
|	|	|------ 54(5, 4)
|	|	|------ 56(6, 2)
|	|	|------ 54(6, 3)
|	|	|------ 54(6, 4)
|	|	|------ 54(6, 5)
|	|	|------ 54(6, 6)
|	|------ 67(5, 1)
|	|	|------ 58(3, 0)
|	|	|------ 63(3, 1)
|	|	|------ 58(4, 0)
|	|	|------ 58(4, 2)
|	|	|------ 64(4, 4)
|	|	|------ 67(5, 0)
|	|	|------ 60(5, 2)
|	|	|------ 54(5, 3)
|	|	|------ 54(5, 4)
|	|	|------ 58(6, 2)
|	|	|------ 54(6, 3)
|	|	|------ 54(6, 4)
|	|	|------ 54(6, 5)
|	|	|------ 54(6, 6)
|	|------ 66(5, 2)
|	|	|------ 58(3, 0)
|	|	|------ 63(3, 1)
|	|	|------ 56(4, 0)
|	|	|------ 60(4, 2)
|	|	|------ 66(4, 4)
|	|	|------ 58(5, 0)
|	|	|------ 60(5, 1)
|	|	|------ 58(5, 3)
|	|	|------ 56(5, 4)
|	|	|------ 58(6, 2)
|	|	|------ 56(6, 3)
|	|	|------ 54(6, 4)
|	|	|------ 54(6, 5)
|	|	|------ 54(6, 6)
|	|------ 70(5, 3)
|	|	|------ 60(3, 0)
|	|	|------ 65(3, 1)
|	|	|------ 58(4, 0)
|	|	|------ 62(4, 2)
|	|	|------ 70(4, 4)
|	|	|------ 58(5, 0)
|	|	|------ 58(5, 1)
|	|	|------ 62(5, 2)
|	|	|------ 60(5, 4)
|	|	|------ 58(6, 2)
|	|	|------ 58(6, 3)
|	|	|------ 58(6, 4)
|	|	|------ 56(6, 5)
|	|	|------ 56(6, 6)
|	|------ 75(5, 4)
|	|	|------ 56(3, 0)
|	|	|------ 61(3, 1)
|	|	|------ 54(4, 0)
|	|	|------ 56(4, 2)
|	|	|------ 75(4, 4)
|	|	|------ 54(5, 0)
|	|	|------ 54(5, 1)
|	|	|------ 56(5, 2)
|	|	|------ 56(5, 3)
|	|	|------ 52(6, 2)
|	|	|------ 54(6, 3)
|	|	|------ 56(6, 4)
|	|	|------ 56(6, 5)
|	|	|------ 54(6, 6)
|	|------ 66(6, 2)
|	|	|------ 60(3, 0)
|	|	|------ 65(3, 1)
|	|	|------ 58(4, 0)
|	|	|------ 58(4, 2)
|	|	|------ 66(4, 4)
|	|	|------ 60(5, 0)
|	|	|------ 62(5, 1)
|	|	|------ 62(5, 2)
|	|	|------ 58(5, 3)
|	|	|------ 56(5, 4)
|	|	|------ 58(6, 3)
|	|	|------ 56(6, 4)
|	|	|------ 56(6, 5)
|	|	|------ 56(6, 6)
|	|------ 68(6, 3)
|	|	|------ 62(3, 0)
|	|	|------ 67(3, 1)
|	|	|------ 60(4, 0)
|	|	|------ 60(4, 2)
|	|	|------ 68(4, 4)
|	|	|------ 60(5, 0)
|	|	|------ 60(5, 1)
|	|	|------ 62(5, 2)
|	|	|------ 60(5, 3)
|	|	|------ 60(5, 4)
|	|	|------ 60(6, 2)
|	|	|------ 60(6, 4)
|	|	|------ 58(6, 5)
|	|	|------ 58(6, 6)
|	|------ 68(6, 4)
|	|	|------ 60(3, 0)
|	|	|------ 65(3, 1)
|	|	|------ 58(4, 0)
|	|	|------ 58(4, 2)
|	|	|------ 68(4, 4)
|	|	|------ 58(5, 0)
|	|	|------ 58(5, 1)
|	|	|------ 58(5, 2)
|	|	|------ 58(5, 3)
|	|	|------ 60(5, 4)
|	|	|------ 56(6, 2)
|	|	|------ 58(6, 3)
|	|	|------ 60(6, 5)
|	|	|------ 58(6, 6)
|	|------ 70(6, 5)
|	|	|------ 58(3, 0)
|	|	|------ 63(3, 1)
|	|	|------ 56(4, 0)
|	|	|------ 56(4, 2)
|	|	|------ 66(4, 4)
|	|	|------ 56(5, 0)
|	|	|------ 56(5, 1)
|	|	|------ 56(5, 2)
|	|	|------ 54(5, 3)
|	|	|------ 58(5, 4)
|	|	|------ 54(6, 2)
|	|	|------ 54(6, 3)
|	|	|------ 58(6, 4)
|	|	|------ 70(6, 6)
|	|------ 70(6, 6)
|	|	|------ 58(3, 0)
|	|	|------ 63(3, 1)
|	|	|------ 56(4, 0)
|	|	|------ 56(4, 2)
|	|	|------ 66(4, 4)
|	|	|------ 56(5, 0)
|	|	|------ 56(5, 1)
|	|	|------ 56(5, 2)
|	|	|------ 54(5, 3)
|	|	|------ 56(5, 4)
|	|	|------ 54(6, 2)
|	|	|------ 54(6, 3)
|	|	|------ 56(6, 4)
|	|	|------ 70(6, 5)
|------ 61(4, 4)
|	|------ 84(3, 0)
|	|	|------ 84(3, 1)
|	|	|------ 63(4, 0)
|	|	|------ 63(4, 2)
|	|	|------ 66(4, 3)
|	|	|------ 61(5, 0)
|	|	|------ 61(5, 1)
|	|	|------ 61(5, 2)
|	|	|------ 59(5, 3)
|	|	|------ 64(5, 4)
|	|	|------ 59(6, 2)
|	|	|------ 59(6, 3)
|	|	|------ 59(6, 4)
|	|	|------ 59(6, 5)
|	|	|------ 59(6, 6)
|	|------ 70(3, 1)
|	|	|------ 70(3, 0)
|	|	|------ 56(4, 0)
|	|	|------ 58(4, 2)
|	|	|------ 59(4, 3)
|	|	|------ 54(5, 0)
|	|	|------ 54(5, 1)
|	|	|------ 54(5, 2)
|	|	|------ 52(5, 3)
|	|	|------ 57(5, 4)
|	|	|------ 52(6, 2)
|	|	|------ 52(6, 3)
|	|	|------ 52(6, 4)
|	|	|------ 52(6, 5)
|	|	|------ 52(6, 6)
|	|------ 74(4, 0)
|	|	|------ 67(3, 0)
|	|	|------ 74(3, 1)
|	|	|------ 65(4, 2)
|	|	|------ 68(4, 3)
|	|	|------ 65(5, 0)
|	|	|------ 65(5, 1)
|	|	|------ 63(5, 2)
|	|	|------ 61(5, 3)
|	|	|------ 66(5, 4)
|	|	|------ 61(6, 2)
|	|	|------ 61(6, 3)
|	|	|------ 61(6, 4)
|	|	|------ 61(6, 5)
|	|	|------ 61(6, 6)
|	|------ 75(4, 2)
|	|	|------ 63(3, 0)
|	|	|------ 72(3, 1)
|	|	|------ 61(4, 0)
|	|	|------ 75(4, 3)
|	|	|------ 61(5, 0)
|	|	|------ 63(5, 1)
|	|	|------ 63(5, 2)
|	|	|------ 61(5, 3)
|	|	|------ 64(5, 4)
|	|	|------ 59(6, 2)
|	|	|------ 59(6, 3)
|	|	|------ 59(6, 4)
|	|	|------ 59(6, 5)
|	|	|------ 59(6, 6)
|	|------ 63(4, 3)
|	|	|------ 54(3, 0)
|	|	|------ 61(3, 1)
|	|	|------ 52(4, 0)
|	|	|------ 63(4, 2)
|	|	|------ 52(5, 0)
|	|	|------ 52(5, 1)
|	|	|------ 54(5, 2)
|	|	|------ 54(5, 3)
|	|	|------ 59(5, 4)
|	|	|------ 50(6, 2)
|	|	|------ 50(6, 3)
|	|	|------ 50(6, 4)
|	|	|------ 50(6, 5)
|	|	|------ 50(6, 6)
|	|------ 70(5, 0)
|	|	|------ 61(3, 0)
|	|	|------ 68(3, 1)
|	|	|------ 61(4, 0)
|	|	|------ 61(4, 2)
|	|	|------ 64(4, 3)
|	|	|------ 70(5, 1)
|	|	|------ 61(5, 2)
|	|	|------ 57(5, 3)
|	|	|------ 62(5, 4)
|	|	|------ 59(6, 2)
|	|	|------ 57(6, 3)
|	|	|------ 57(6, 4)
|	|	|------ 57(6, 5)
|	|	|------ 57(6, 6)
|	|------ 70(5, 1)
|	|	|------ 61(3, 0)
|	|	|------ 68(3, 1)
|	|	|------ 61(4, 0)
|	|	|------ 63(4, 2)
|	|	|------ 64(4, 3)
|	|	|------ 70(5, 0)
|	|	|------ 63(5, 2)
|	|	|------ 57(5, 3)
|	|	|------ 62(5, 4)
|	|	|------ 61(6, 2)
|	|	|------ 57(6, 3)
|	|	|------ 57(6, 4)
|	|	|------ 57(6, 5)
|	|	|------ 57(6, 6)
|	|------ 70(5, 2)
|	|	|------ 63(3, 0)
|	|	|------ 70(3, 1)
|	|	|------ 61(4, 0)
|	|	|------ 65(4, 2)
|	|	|------ 68(4, 3)
|	|	|------ 63(5, 0)
|	|	|------ 65(5, 1)
|	|	|------ 61(5, 3)
|	|	|------ 64(5, 4)
|	|	|------ 63(6, 2)
|	|	|------ 61(6, 3)
|	|	|------ 59(6, 4)
|	|	|------ 59(6, 5)
|	|	|------ 59(6, 6)
|	|------ 70(5, 3)
|	|	|------ 63(3, 0)
|	|	|------ 70(3, 1)
|	|	|------ 61(4, 0)
|	|	|------ 65(4, 2)
|	|	|------ 70(4, 3)
|	|	|------ 61(5, 0)
|	|	|------ 61(5, 1)
|	|	|------ 63(5, 2)
|	|	|------ 68(5, 4)
|	|	|------ 61(6, 2)
|	|	|------ 61(6, 3)
|	|	|------ 61(6, 4)
|	|	|------ 59(6, 5)
|	|	|------ 59(6, 6)
|	|------ 61(5, 4)
|	|	|------ 54(3, 0)
|	|	|------ 61(3, 1)
|	|	|------ 52(4, 0)
|	|	|------ 54(4, 2)
|	|	|------ 61(4, 3)
|	|	|------ 52(5, 0)
|	|	|------ 52(5, 1)
|	|	|------ 52(5, 2)
|	|	|------ 54(5, 3)
|	|	|------ 50(6, 2)
|	|	|------ 52(6, 3)
|	|	|------ 54(6, 4)
|	|	|------ 54(6, 5)
|	|	|------ 52(6, 6)
|	|------ 70(6, 2)
|	|	|------ 63(3, 0)
|	|	|------ 70(3, 1)
|	|	|------ 61(4, 0)
|	|	|------ 63(4, 2)
|	|	|------ 66(4, 3)
|	|	|------ 63(5, 0)
|	|	|------ 65(5, 1)
|	|	|------ 65(5, 2)
|	|	|------ 61(5, 3)
|	|	|------ 64(5, 4)
|	|	|------ 61(6, 3)
|	|	|------ 59(6, 4)
|	|	|------ 59(6, 5)
|	|	|------ 59(6, 6)
|	|------ 72(6, 3)
|	|	|------ 65(3, 0)
|	|	|------ 72(3, 1)
|	|	|------ 63(4, 0)
|	|	|------ 65(4, 2)
|	|	|------ 68(4, 3)
|	|	|------ 63(5, 0)
|	|	|------ 63(5, 1)
|	|	|------ 65(5, 2)
|	|	|------ 63(5, 3)
|	|	|------ 68(5, 4)
|	|	|------ 63(6, 2)
|	|	|------ 63(6, 4)
|	|	|------ 61(6, 5)
|	|	|------ 61(6, 6)
|	|------ 70(6, 4)
|	|	|------ 63(3, 0)
|	|	|------ 70(3, 1)
|	|	|------ 61(4, 0)
|	|	|------ 63(4, 2)
|	|	|------ 66(4, 3)
|	|	|------ 61(5, 0)
|	|	|------ 61(5, 1)
|	|	|------ 61(5, 2)
|	|	|------ 61(5, 3)
|	|	|------ 68(5, 4)
|	|	|------ 59(6, 2)
|	|	|------ 61(6, 3)
|	|	|------ 63(6, 5)
|	|	|------ 61(6, 6)
|	|------ 73(6, 5)
|	|	|------ 61(3, 0)
|	|	|------ 68(3, 1)
|	|	|------ 59(4, 0)
|	|	|------ 61(4, 2)
|	|	|------ 64(4, 3)
|	|	|------ 59(5, 0)
|	|	|------ 59(5, 1)
|	|	|------ 59(5, 2)
|	|	|------ 57(5, 3)
|	|	|------ 66(5, 4)
|	|	|------ 57(6, 2)
|	|	|------ 57(6, 3)
|	|	|------ 61(6, 4)
|	|	|------ 73(6, 6)
|	|------ 73(6, 6)
|	|	|------ 61(3, 0)
|	|	|------ 68(3, 1)
|	|	|------ 59(4, 0)
|	|	|------ 61(4, 2)
|	|	|------ 64(4, 3)
|	|	|------ 59(5, 0)
|	|	|------ 59(5, 1)
|	|	|------ 59(5, 2)
|	|	|------ 57(5, 3)
|	|	|------ 64(5, 4)
|	|	|------ 57(6, 2)
|	|	|------ 57(6, 3)
|	|	|------ 59(6, 4)
|	|	|------ 73(6, 5)
|------ 54(5, 0)
|	|------ 77(3, 0)
|	|	|------ 77(3, 1)
|	|	|------ 56(4, 0)
|	|	|------ 56(4, 2)
|	|	|------ 56(4, 3)
|	|	|------ 59(4, 4)
|	|	|------ 59(5, 1)
|	|	|------ 54(5, 2)
|	|	|------ 52(5, 3)
|	|	|------ 52(5, 4)
|	|	|------ 52(6, 2)
|	|	|------ 52(6, 3)
|	|	|------ 52(6, 4)
|	|	|------ 52(6, 5)
|	|	|------ 52(6, 6)
|	|------ 63(3, 1)
|	|	|------ 63(3, 0)
|	|	|------ 49(4, 0)
|	|	|------ 51(4, 2)
|	|	|------ 49(4, 3)
|	|	|------ 52(4, 4)
|	|	|------ 52(5, 1)
|	|	|------ 47(5, 2)
|	|	|------ 45(5, 3)
|	|	|------ 45(5, 4)
|	|	|------ 45(6, 2)
|	|	|------ 45(6, 3)
|	|	|------ 45(6, 4)
|	|	|------ 45(6, 5)
|	|	|------ 45(6, 6)
|	|------ 68(4, 0)
|	|	|------ 58(3, 0)
|	|	|------ 65(3, 1)
|	|	|------ 56(4, 2)
|	|	|------ 56(4, 3)
|	|	|------ 59(4, 4)
|	|	|------ 68(5, 1)
|	|	|------ 54(5, 2)
|	|	|------ 52(5, 3)
|	|	|------ 52(5, 4)
|	|	|------ 52(6, 2)
|	|	|------ 52(6, 3)
|	|	|------ 52(6, 4)
|	|	|------ 52(6, 5)
|	|	|------ 52(6, 6)
|	|------ 65(4, 2)
|	|	|------ 56(3, 0)
|	|	|------ 65(3, 1)
|	|	|------ 54(4, 0)
|	|	|------ 60(4, 3)
|	|	|------ 61(4, 4)
|	|	|------ 61(5, 1)
|	|	|------ 56(5, 2)
|	|	|------ 54(5, 3)
|	|	|------ 52(5, 4)
|	|	|------ 52(6, 2)
|	|	|------ 52(6, 3)
|	|	|------ 52(6, 4)
|	|	|------ 52(6, 5)
|	|	|------ 52(6, 6)
|	|------ 70(4, 3)
|	|	|------ 56(3, 0)
|	|	|------ 63(3, 1)
|	|	|------ 54(4, 0)
|	|	|------ 60(4, 2)
|	|	|------ 70(4, 4)
|	|	|------ 59(5, 1)
|	|	|------ 56(5, 2)
|	|	|------ 56(5, 3)
|	|	|------ 56(5, 4)
|	|	|------ 54(6, 2)
|	|	|------ 54(6, 3)
|	|	|------ 54(6, 4)
|	|	|------ 54(6, 5)
|	|	|------ 54(6, 6)
|	|------ 56(4, 4)
|	|	|------ 45(3, 0)
|	|	|------ 52(3, 1)
|	|	|------ 43(4, 0)
|	|	|------ 47(4, 2)
|	|	|------ 56(4, 3)
|	|	|------ 48(5, 1)
|	|	|------ 43(5, 2)
|	|	|------ 45(5, 3)
|	|	|------ 54(5, 4)
|	|	|------ 43(6, 2)
|	|	|------ 43(6, 3)
|	|	|------ 45(6, 4)
|	|	|------ 45(6, 5)
|	|	|------ 45(6, 6)
|	|------ 54(5, 1)
|	|	|------ 47(3, 0)
|	|	|------ 54(3, 1)
|	|	|------ 54(4, 0)
|	|	|------ 49(4, 2)
|	|	|------ 47(4, 3)
|	|	|------ 50(4, 4)
|	|	|------ 49(5, 2)
|	|	|------ 43(5, 3)
|	|	|------ 43(5, 4)
|	|	|------ 47(6, 2)
|	|	|------ 43(6, 3)
|	|	|------ 43(6, 4)
|	|	|------ 43(6, 5)
|	|	|------ 43(6, 6)
|	|------ 63(5, 2)
|	|	|------ 56(3, 0)
|	|	|------ 63(3, 1)
|	|	|------ 54(4, 0)
|	|	|------ 58(4, 2)
|	|	|------ 58(4, 3)
|	|	|------ 59(4, 4)
|	|	|------ 63(5, 1)
|	|	|------ 54(5, 3)
|	|	|------ 52(5, 4)
|	|	|------ 56(6, 2)
|	|	|------ 54(6, 3)
|	|	|------ 52(6, 4)
|	|	|------ 52(6, 5)
|	|	|------ 52(6, 6)
|	|------ 65(5, 3)
|	|	|------ 58(3, 0)
|	|	|------ 65(3, 1)
|	|	|------ 56(4, 0)
|	|	|------ 60(4, 2)
|	|	|------ 62(4, 3)
|	|	|------ 65(4, 4)
|	|	|------ 61(5, 1)
|	|	|------ 58(5, 2)
|	|	|------ 58(5, 4)
|	|	|------ 58(6, 2)
|	|	|------ 58(6, 3)
|	|	|------ 58(6, 4)
|	|	|------ 56(6, 5)
|	|	|------ 56(6, 6)
|	|------ 70(5, 4)
|	|	|------ 54(3, 0)
|	|	|------ 61(3, 1)
|	|	|------ 52(4, 0)
|	|	|------ 54(4, 2)
|	|	|------ 58(4, 3)
|	|	|------ 70(4, 4)
|	|	|------ 57(5, 1)
|	|	|------ 52(5, 2)
|	|	|------ 54(5, 3)
|	|	|------ 52(6, 2)
|	|	|------ 54(6, 3)
|	|	|------ 56(6, 4)
|	|	|------ 56(6, 5)
|	|	|------ 54(6, 6)
|	|------ 63(6, 2)
|	|	|------ 56(3, 0)
|	|	|------ 63(3, 1)
|	|	|------ 54(4, 0)
|	|	|------ 56(4, 2)
|	|	|------ 58(4, 3)
|	|	|------ 61(4, 4)
|	|	|------ 63(5, 1)
|	|	|------ 58(5, 2)
|	|	|------ 56(5, 3)
|	|	|------ 54(5, 4)
|	|	|------ 56(6, 3)
|	|	|------ 54(6, 4)
|	|	|------ 54(6, 5)
|	|	|------ 54(6, 6)
|	|------ 65(6, 3)
|	|	|------ 58(3, 0)
|	|	|------ 65(3, 1)
|	|	|------ 56(4, 0)
|	|	|------ 58(4, 2)
|	|	|------ 60(4, 3)
|	|	|------ 63(4, 4)
|	|	|------ 61(5, 1)
|	|	|------ 58(5, 2)
|	|	|------ 58(5, 3)
|	|	|------ 58(5, 4)
|	|	|------ 58(6, 2)
|	|	|------ 58(6, 4)
|	|	|------ 56(6, 5)
|	|	|------ 56(6, 6)
|	|------ 63(6, 4)
|	|	|------ 56(3, 0)
|	|	|------ 63(3, 1)
|	|	|------ 54(4, 0)
|	|	|------ 56(4, 2)
|	|	|------ 58(4, 3)
|	|	|------ 63(4, 4)
|	|	|------ 59(5, 1)
|	|	|------ 54(5, 2)
|	|	|------ 56(5, 3)
|	|	|------ 58(5, 4)
|	|	|------ 54(6, 2)
|	|	|------ 56(6, 3)
|	|	|------ 58(6, 5)
|	|	|------ 56(6, 6)
|	|------ 68(6, 5)
|	|	|------ 54(3, 0)
|	|	|------ 61(3, 1)
|	|	|------ 52(4, 0)
|	|	|------ 54(4, 2)
|	|	|------ 56(4, 3)
|	|	|------ 61(4, 4)
|	|	|------ 57(5, 1)
|	|	|------ 52(5, 2)
|	|	|------ 52(5, 3)
|	|	|------ 56(5, 4)
|	|	|------ 52(6, 2)
|	|	|------ 52(6, 3)
|	|	|------ 56(6, 4)
|	|	|------ 68(6, 6)
|	|------ 68(6, 6)
|	|	|------ 54(3, 0)
|	|	|------ 61(3, 1)
|	|	|------ 52(4, 0)
|	|	|------ 54(4, 2)
|	|	|------ 56(4, 3)
|	|	|------ 61(4, 4)
|	|	|------ 57(5, 1)
|	|	|------ 52(5, 2)
|	|	|------ 52(5, 3)
|	|	|------ 54(5, 4)
|	|	|------ 52(6, 2)
|	|	|------ 52(6, 3)
|	|	|------ 54(6, 4)
|	|	|------ 68(6, 5)
|------ 54(5, 1)
|	|------ 77(3, 0)
|	|	|------ 77(3, 1)
|	|	|------ 56(4, 0)
|	|	|------ 56(4, 2)
|	|	|------ 56(4, 3)
|	|	|------ 59(4, 4)
|	|	|------ 59(5, 0)
|	|	|------ 54(5, 2)
|	|	|------ 52(5, 3)
|	|	|------ 52(5, 4)
|	|	|------ 52(6, 2)
|	|	|------ 52(6, 3)
|	|	|------ 52(6, 4)
|	|	|------ 52(6, 5)
|	|	|------ 52(6, 6)
|	|------ 63(3, 1)
|	|	|------ 63(3, 0)
|	|	|------ 49(4, 0)
|	|	|------ 51(4, 2)
|	|	|------ 49(4, 3)
|	|	|------ 52(4, 4)
|	|	|------ 52(5, 0)
|	|	|------ 47(5, 2)
|	|	|------ 45(5, 3)
|	|	|------ 45(5, 4)
|	|	|------ 45(6, 2)
|	|	|------ 45(6, 3)
|	|	|------ 45(6, 4)
|	|	|------ 45(6, 5)
|	|	|------ 45(6, 6)
|	|------ 68(4, 0)
|	|	|------ 58(3, 0)
|	|	|------ 65(3, 1)
|	|	|------ 58(4, 2)
|	|	|------ 56(4, 3)
|	|	|------ 59(4, 4)
|	|	|------ 68(5, 0)
|	|	|------ 56(5, 2)
|	|	|------ 52(5, 3)
|	|	|------ 52(5, 4)
|	|	|------ 54(6, 2)
|	|	|------ 52(6, 3)
|	|	|------ 52(6, 4)
|	|	|------ 52(6, 5)
|	|	|------ 52(6, 6)
|	|------ 63(4, 2)
|	|	|------ 54(3, 0)
|	|	|------ 63(3, 1)
|	|	|------ 54(4, 0)
|	|	|------ 58(4, 3)
|	|	|------ 59(4, 4)
|	|	|------ 59(5, 0)
|	|	|------ 56(5, 2)
|	|	|------ 52(5, 3)
|	|	|------ 50(5, 4)
|	|	|------ 52(6, 2)
|	|	|------ 50(6, 3)
|	|	|------ 50(6, 4)
|	|	|------ 50(6, 5)
|	|	|------ 50(6, 6)
|	|------ 70(4, 3)
|	|	|------ 56(3, 0)
|	|	|------ 63(3, 1)
|	|	|------ 54(4, 0)
|	|	|------ 60(4, 2)
|	|	|------ 70(4, 4)
|	|	|------ 59(5, 0)
|	|	|------ 56(5, 2)
|	|	|------ 56(5, 3)
|	|	|------ 56(5, 4)
|	|	|------ 54(6, 2)
|	|	|------ 54(6, 3)
|	|	|------ 54(6, 4)
|	|	|------ 54(6, 5)
|	|	|------ 54(6, 6)
|	|------ 56(4, 4)
|	|	|------ 45(3, 0)
|	|	|------ 52(3, 1)
|	|	|------ 43(4, 0)
|	|	|------ 47(4, 2)
|	|	|------ 56(4, 3)
|	|	|------ 48(5, 0)
|	|	|------ 43(5, 2)
|	|	|------ 45(5, 3)
|	|	|------ 54(5, 4)
|	|	|------ 43(6, 2)
|	|	|------ 43(6, 3)
|	|	|------ 45(6, 4)
|	|	|------ 45(6, 5)
|	|	|------ 45(6, 6)
|	|------ 54(5, 0)
|	|	|------ 47(3, 0)
|	|	|------ 54(3, 1)
|	|	|------ 54(4, 0)
|	|	|------ 49(4, 2)
|	|	|------ 47(4, 3)
|	|	|------ 50(4, 4)
|	|	|------ 49(5, 2)
|	|	|------ 43(5, 3)
|	|	|------ 43(5, 4)
|	|	|------ 47(6, 2)
|	|	|------ 43(6, 3)
|	|	|------ 43(6, 4)
|	|	|------ 43(6, 5)
|	|	|------ 43(6, 6)
|	|------ 61(5, 2)
|	|	|------ 54(3, 0)
|	|	|------ 61(3, 1)
|	|	|------ 54(4, 0)
|	|	|------ 58(4, 2)
|	|	|------ 56(4, 3)
|	|	|------ 57(4, 4)
|	|	|------ 61(5, 0)
|	|	|------ 52(5, 3)
|	|	|------ 50(5, 4)
|	|	|------ 56(6, 2)
|	|	|------ 52(6, 3)
|	|	|------ 50(6, 4)
|	|	|------ 50(6, 5)
|	|	|------ 50(6, 6)
|	|------ 65(5, 3)
|	|	|------ 58(3, 0)
|	|	|------ 65(3, 1)
|	|	|------ 56(4, 0)
|	|	|------ 60(4, 2)
|	|	|------ 62(4, 3)
|	|	|------ 65(4, 4)
|	|	|------ 61(5, 0)
|	|	|------ 58(5, 2)
|	|	|------ 58(5, 4)
|	|	|------ 58(6, 2)
|	|	|------ 58(6, 3)
|	|	|------ 58(6, 4)
|	|	|------ 56(6, 5)
|	|	|------ 56(6, 6)
|	|------ 70(5, 4)
|	|	|------ 54(3, 0)
|	|	|------ 61(3, 1)
|	|	|------ 52(4, 0)
|	|	|------ 54(4, 2)
|	|	|------ 58(4, 3)
|	|	|------ 70(4, 4)
|	|	|------ 57(5, 0)
|	|	|------ 52(5, 2)
|	|	|------ 54(5, 3)
|	|	|------ 52(6, 2)
|	|	|------ 54(6, 3)
|	|	|------ 56(6, 4)
|	|	|------ 56(6, 5)
|	|	|------ 54(6, 6)
|	|------ 61(6, 2)
|	|	|------ 54(3, 0)
|	|	|------ 61(3, 1)
|	|	|------ 54(4, 0)
|	|	|------ 56(4, 2)
|	|	|------ 56(4, 3)
|	|	|------ 59(4, 4)
|	|	|------ 61(5, 0)
|	|	|------ 58(5, 2)
|	|	|------ 54(5, 3)
|	|	|------ 52(5, 4)
|	|	|------ 54(6, 3)
|	|	|------ 52(6, 4)
|	|	|------ 52(6, 5)
|	|	|------ 52(6, 6)
|	|------ 65(6, 3)
|	|	|------ 58(3, 0)
|	|	|------ 65(3, 1)
|	|	|------ 56(4, 0)
|	|	|------ 58(4, 2)
|	|	|------ 60(4, 3)
|	|	|------ 63(4, 4)
|	|	|------ 61(5, 0)
|	|	|------ 58(5, 2)
|	|	|------ 58(5, 3)
|	|	|------ 58(5, 4)
|	|	|------ 58(6, 2)
|	|	|------ 58(6, 4)
|	|	|------ 56(6, 5)
|	|	|------ 56(6, 6)
|	|------ 63(6, 4)
|	|	|------ 56(3, 0)
|	|	|------ 63(3, 1)
|	|	|------ 54(4, 0)
|	|	|------ 56(4, 2)
|	|	|------ 58(4, 3)
|	|	|------ 63(4, 4)
|	|	|------ 59(5, 0)
|	|	|------ 54(5, 2)
|	|	|------ 56(5, 3)
|	|	|------ 58(5, 4)
|	|	|------ 54(6, 2)
|	|	|------ 56(6, 3)
|	|	|------ 58(6, 5)
|	|	|------ 56(6, 6)
|	|------ 68(6, 5)
|	|	|------ 54(3, 0)
|	|	|------ 61(3, 1)
|	|	|------ 52(4, 0)
|	|	|------ 54(4, 2)
|	|	|------ 56(4, 3)
|	|	|------ 61(4, 4)
|	|	|------ 57(5, 0)
|	|	|------ 52(5, 2)
|	|	|------ 52(5, 3)
|	|	|------ 56(5, 4)
|	|	|------ 52(6, 2)
|	|	|------ 52(6, 3)
|	|	|------ 56(6, 4)
|	|	|------ 68(6, 6)
|	|------ 68(6, 6)
|	|	|------ 54(3, 0)
|	|	|------ 61(3, 1)
|	|	|------ 52(4, 0)
|	|	|------ 54(4, 2)
|	|	|------ 56(4, 3)
|	|	|------ 61(4, 4)
|	|	|------ 57(5, 0)
|	|	|------ 52(5, 2)
|	|	|------ 52(5, 3)
|	|	|------ 54(5, 4)
|	|	|------ 52(6, 2)
|	|	|------ 52(6, 3)
|	|	|------ 54(6, 4)
|	|	|------ 68(6, 5)
|------ 56(5, 2)
|	|------ 77(3, 0)
|	|	|------ 77(3, 1)
|	|	|------ 56(4, 0)
|	|	|------ 56(4, 2)
|	|	|------ 56(4, 3)
|	|	|------ 59(4, 4)
|	|	|------ 54(5, 0)
|	|	|------ 54(5, 1)
|	|	|------ 52(5, 3)
|	|	|------ 52(5, 4)
|	|	|------ 52(6, 2)
|	|	|------ 52(6, 3)
|	|	|------ 52(6, 4)
|	|	|------ 52(6, 5)
|	|	|------ 52(6, 6)
|	|------ 63(3, 1)
|	|	|------ 63(3, 0)
|	|	|------ 49(4, 0)
|	|	|------ 51(4, 2)
|	|	|------ 49(4, 3)
|	|	|------ 52(4, 4)
|	|	|------ 47(5, 0)
|	|	|------ 47(5, 1)
|	|	|------ 45(5, 3)
|	|	|------ 45(5, 4)
|	|	|------ 45(6, 2)
|	|	|------ 45(6, 3)
|	|	|------ 45(6, 4)
|	|	|------ 45(6, 5)
|	|	|------ 45(6, 6)
|	|------ 67(4, 0)
|	|	|------ 60(3, 0)
|	|	|------ 67(3, 1)
|	|	|------ 58(4, 2)
|	|	|------ 58(4, 3)
|	|	|------ 61(4, 4)
|	|	|------ 58(5, 0)
|	|	|------ 58(5, 1)
|	|	|------ 54(5, 3)
|	|	|------ 54(5, 4)
|	|	|------ 54(6, 2)
|	|	|------ 54(6, 3)
|	|	|------ 54(6, 4)
|	|	|------ 54(6, 5)
|	|	|------ 54(6, 6)
|	|------ 63(4, 2)
|	|	|------ 54(3, 0)
|	|	|------ 63(3, 1)
|	|	|------ 52(4, 0)
|	|	|------ 60(4, 3)
|	|	|------ 59(4, 4)
|	|	|------ 52(5, 0)
|	|	|------ 56(5, 1)
|	|	|------ 54(5, 3)
|	|	|------ 50(5, 4)
|	|	|------ 52(6, 2)
|	|	|------ 52(6, 3)
|	|	|------ 50(6, 4)
|	|	|------ 50(6, 5)
|	|	|------ 50(6, 6)
|	|------ 68(4, 3)
|	|	|------ 54(3, 0)
|	|	|------ 61(3, 1)
|	|	|------ 52(4, 0)
|	|	|------ 60(4, 2)
|	|	|------ 68(4, 4)
|	|	|------ 52(5, 0)
|	|	|------ 54(5, 1)
|	|	|------ 56(5, 3)
|	|	|------ 54(5, 4)
|	|	|------ 54(6, 2)
|	|	|------ 54(6, 3)
|	|	|------ 52(6, 4)
|	|	|------ 52(6, 5)
|	|	|------ 52(6, 6)
|	|------ 56(4, 4)
|	|	|------ 45(3, 0)
|	|	|------ 52(3, 1)
|	|	|------ 43(4, 0)
|	|	|------ 47(4, 2)
|	|	|------ 56(4, 3)
|	|	|------ 43(5, 0)
|	|	|------ 43(5, 1)
|	|	|------ 45(5, 3)
|	|	|------ 54(5, 4)
|	|	|------ 43(6, 2)
|	|	|------ 43(6, 3)
|	|	|------ 45(6, 4)
|	|	|------ 45(6, 5)
|	|	|------ 45(6, 6)
|	|------ 63(5, 0)
|	|	|------ 54(3, 0)
|	|	|------ 61(3, 1)
|	|	|------ 54(4, 0)
|	|	|------ 54(4, 2)
|	|	|------ 54(4, 3)
|	|	|------ 57(4, 4)
|	|	|------ 63(5, 1)
|	|	|------ 50(5, 3)
|	|	|------ 50(5, 4)
|	|	|------ 52(6, 2)
|	|	|------ 50(6, 3)
|	|	|------ 50(6, 4)
|	|	|------ 50(6, 5)
|	|	|------ 50(6, 6)
|	|------ 61(5, 1)
|	|	|------ 52(3, 0)
|	|	|------ 59(3, 1)
|	|	|------ 52(4, 0)
|	|	|------ 56(4, 2)
|	|	|------ 54(4, 3)
|	|	|------ 55(4, 4)
|	|	|------ 61(5, 0)
|	|	|------ 50(5, 3)
|	|	|------ 48(5, 4)
|	|	|------ 54(6, 2)
|	|	|------ 50(6, 3)
|	|	|------ 48(6, 4)
|	|	|------ 48(6, 5)
|	|	|------ 48(6, 6)
|	|------ 63(5, 3)
|	|	|------ 56(3, 0)
|	|	|------ 63(3, 1)
|	|	|------ 54(4, 0)
|	|	|------ 60(4, 2)
|	|	|------ 62(4, 3)
|	|	|------ 63(4, 4)
|	|	|------ 54(5, 0)
|	|	|------ 56(5, 1)
|	|	|------ 56(5, 4)
|	|	|------ 58(6, 2)
|	|	|------ 58(6, 3)
|	|	|------ 56(6, 4)
|	|	|------ 54(6, 5)
|	|	|------ 54(6, 6)
|	|------ 70(5, 4)
|	|	|------ 54(3, 0)
|	|	|------ 61(3, 1)
|	|	|------ 52(4, 0)
|	|	|------ 54(4, 2)
|	|	|------ 58(4, 3)
|	|	|------ 70(4, 4)
|	|	|------ 52(5, 0)
|	|	|------ 52(5, 1)
|	|	|------ 54(5, 3)
|	|	|------ 52(6, 2)
|	|	|------ 54(6, 3)
|	|	|------ 56(6, 4)
|	|	|------ 56(6, 5)
|	|	|------ 54(6, 6)
|	|------ 61(6, 2)
|	|	|------ 54(3, 0)
|	|	|------ 61(3, 1)
|	|	|------ 52(4, 0)
|	|	|------ 56(4, 2)
|	|	|------ 58(4, 3)
|	|	|------ 59(4, 4)
|	|	|------ 54(5, 0)
|	|	|------ 58(5, 1)
|	|	|------ 56(5, 3)
|	|	|------ 52(5, 4)
|	|	|------ 56(6, 3)
|	|	|------ 52(6, 4)
|	|	|------ 52(6, 5)
|	|	|------ 52(6, 6)
|	|------ 63(6, 3)
|	|	|------ 56(3, 0)
|	|	|------ 63(3, 1)
|	|	|------ 54(4, 0)
|	|	|------ 58(4, 2)
|	|	|------ 60(4, 3)
|	|	|------ 61(4, 4)
|	|	|------ 54(5, 0)
|	|	|------ 56(5, 1)
|	|	|------ 58(5, 3)
|	|	|------ 56(5, 4)
|	|	|------ 58(6, 2)
|	|	|------ 56(6, 4)
|	|	|------ 54(6, 5)
|	|	|------ 54(6, 6)
|	|------ 63(6, 4)
|	|	|------ 56(3, 0)
|	|	|------ 63(3, 1)
|	|	|------ 54(4, 0)
|	|	|------ 56(4, 2)
|	|	|------ 58(4, 3)
|	|	|------ 63(4, 4)
|	|	|------ 54(5, 0)
|	|	|------ 54(5, 1)
|	|	|------ 56(5, 3)
|	|	|------ 58(5, 4)
|	|	|------ 54(6, 2)
|	|	|------ 56(6, 3)
|	|	|------ 58(6, 5)
|	|	|------ 56(6, 6)
|	|------ 68(6, 5)
|	|	|------ 54(3, 0)
|	|	|------ 61(3, 1)
|	|	|------ 52(4, 0)
|	|	|------ 54(4, 2)
|	|	|------ 56(4, 3)
|	|	|------ 61(4, 4)
|	|	|------ 52(5, 0)
|	|	|------ 52(5, 1)
|	|	|------ 52(5, 3)
|	|	|------ 56(5, 4)
|	|	|------ 52(6, 2)
|	|	|------ 52(6, 3)
|	|	|------ 56(6, 4)
|	|	|------ 68(6, 6)
|	|------ 68(6, 6)
|	|	|------ 54(3, 0)
|	|	|------ 61(3, 1)
|	|	|------ 52(4, 0)
|	|	|------ 54(4, 2)
|	|	|------ 56(4, 3)
|	|	|------ 61(4, 4)
|	|	|------ 52(5, 0)
|	|	|------ 52(5, 1)
|	|	|------ 52(5, 3)
|	|	|------ 54(5, 4)
|	|	|------ 52(6, 2)
|	|	|------ 52(6, 3)
|	|	|------ 54(6, 4)
|	|	|------ 68(6, 5)
|------ 54(5, 3)
|	|------ 77(3, 0)
|	|	|------ 77(3, 1)
|	|	|------ 56(4, 0)
|	|	|------ 56(4, 2)
|	|	|------ 56(4, 3)
|	|	|------ 59(4, 4)
|	|	|------ 54(5, 0)
|	|	|------ 54(5, 1)
|	|	|------ 54(5, 2)
|	|	|------ 52(5, 4)
|	|	|------ 52(6, 2)
|	|	|------ 52(6, 3)
|	|	|------ 52(6, 4)
|	|	|------ 52(6, 5)
|	|	|------ 52(6, 6)
|	|------ 63(3, 1)
|	|	|------ 63(3, 0)
|	|	|------ 49(4, 0)
|	|	|------ 51(4, 2)
|	|	|------ 49(4, 3)
|	|	|------ 52(4, 4)
|	|	|------ 47(5, 0)
|	|	|------ 47(5, 1)
|	|	|------ 47(5, 2)
|	|	|------ 45(5, 4)
|	|	|------ 45(6, 2)
|	|	|------ 45(6, 3)
|	|	|------ 45(6, 4)
|	|	|------ 45(6, 5)
|	|	|------ 45(6, 6)
|	|------ 67(4, 0)
|	|	|------ 60(3, 0)
|	|	|------ 67(3, 1)
|	|	|------ 58(4, 2)
|	|	|------ 58(4, 3)
|	|	|------ 61(4, 4)
|	|	|------ 58(5, 0)
|	|	|------ 58(5, 1)
|	|	|------ 56(5, 2)
|	|	|------ 54(5, 4)
|	|	|------ 54(6, 2)
|	|	|------ 54(6, 3)
|	|	|------ 54(6, 4)
|	|	|------ 54(6, 5)
|	|	|------ 54(6, 6)
|	|------ 63(4, 2)
|	|	|------ 54(3, 0)
|	|	|------ 63(3, 1)
|	|	|------ 52(4, 0)
|	|	|------ 60(4, 3)
|	|	|------ 61(4, 4)
|	|	|------ 52(5, 0)
|	|	|------ 54(5, 1)
|	|	|------ 56(5, 2)
|	|	|------ 52(5, 4)
|	|	|------ 52(6, 2)
|	|	|------ 52(6, 3)
|	|	|------ 52(6, 4)
|	|	|------ 50(6, 5)
|	|	|------ 50(6, 6)
|	|------ 68(4, 3)
|	|	|------ 54(3, 0)
|	|	|------ 61(3, 1)
|	|	|------ 52(4, 0)
|	|	|------ 60(4, 2)
|	|	|------ 68(4, 4)
|	|	|------ 52(5, 0)
|	|	|------ 52(5, 1)
|	|	|------ 56(5, 2)
|	|	|------ 54(5, 4)
|	|	|------ 52(6, 2)
|	|	|------ 52(6, 3)
|	|	|------ 52(6, 4)
|	|	|------ 50(6, 5)
|	|	|------ 50(6, 6)
|	|------ 54(4, 4)
|	|	|------ 43(3, 0)
|	|	|------ 50(3, 1)
|	|	|------ 41(4, 0)
|	|	|------ 47(4, 2)
|	|	|------ 54(4, 3)
|	|	|------ 41(5, 0)
|	|	|------ 41(5, 1)
|	|	|------ 43(5, 2)
|	|	|------ 52(5, 4)
|	|	|------ 41(6, 2)
|	|	|------ 41(6, 3)
|	|	|------ 43(6, 4)
|	|	|------ 41(6, 5)
|	|	|------ 41(6, 6)
|	|------ 63(5, 0)
|	|	|------ 54(3, 0)
|	|	|------ 61(3, 1)
|	|	|------ 54(4, 0)
|	|	|------ 54(4, 2)
|	|	|------ 54(4, 3)
|	|	|------ 57(4, 4)
|	|	|------ 63(5, 1)
|	|	|------ 54(5, 2)
|	|	|------ 50(5, 4)
|	|	|------ 52(6, 2)
|	|	|------ 50(6, 3)
|	|	|------ 50(6, 4)
|	|	|------ 50(6, 5)
|	|	|------ 50(6, 6)
|	|------ 63(5, 1)
|	|	|------ 54(3, 0)
|	|	|------ 61(3, 1)
|	|	|------ 54(4, 0)
|	|	|------ 56(4, 2)
|	|	|------ 54(4, 3)
|	|	|------ 57(4, 4)
|	|	|------ 63(5, 0)
|	|	|------ 56(5, 2)
|	|	|------ 50(5, 4)
|	|	|------ 54(6, 2)
|	|	|------ 50(6, 3)
|	|	|------ 50(6, 4)
|	|	|------ 50(6, 5)
|	|	|------ 50(6, 6)
|	|------ 61(5, 2)
|	|	|------ 54(3, 0)
|	|	|------ 61(3, 1)
|	|	|------ 52(4, 0)
|	|	|------ 58(4, 2)
|	|	|------ 58(4, 3)
|	|	|------ 59(4, 4)
|	|	|------ 54(5, 0)
|	|	|------ 56(5, 1)
|	|	|------ 52(5, 4)
|	|	|------ 56(6, 2)
|	|	|------ 54(6, 3)
|	|	|------ 52(6, 4)
|	|	|------ 50(6, 5)
|	|	|------ 50(6, 6)
|	|------ 68(5, 4)
|	|	|------ 52(3, 0)
|	|	|------ 59(3, 1)
|	|	|------ 50(4, 0)
|	|	|------ 54(4, 2)
|	|	|------ 56(4, 3)
|	|	|------ 68(4, 4)
|	|	|------ 50(5, 0)
|	|	|------ 50(5, 1)
|	|	|------ 52(5, 2)
|	|	|------ 50(6, 2)
|	|	|------ 52(6, 3)
|	|	|------ 54(6, 4)
|	|	|------ 52(6, 5)
|	|	|------ 50(6, 6)
|	|------ 61(6, 2)
|	|	|------ 54(3, 0)
|	|	|------ 61(3, 1)
|	|	|------ 52(4, 0)
|	|	|------ 56(4, 2)
|	|	|------ 56(4, 3)
|	|	|------ 59(4, 4)
|	|	|------ 54(5, 0)
|	|	|------ 56(5, 1)
|	|	|------ 58(5, 2)
|	|	|------ 52(5, 4)
|	|	|------ 54(6, 3)
|	|	|------ 52(6, 4)
|	|	|------ 50(6, 5)
|	|	|------ 50(6, 6)
|	|------ 63(6, 3)
|	|	|------ 56(3, 0)
|	|	|------ 63(3, 1)
|	|	|------ 54(4, 0)
|	|	|------ 58(4, 2)
|	|	|------ 58(4, 3)
|	|	|------ 61(4, 4)
|	|	|------ 54(5, 0)
|	|	|------ 54(5, 1)
|	|	|------ 58(5, 2)
|	|	|------ 56(5, 4)
|	|	|------ 56(6, 2)
|	|	|------ 56(6, 4)
|	|	|------ 52(6, 5)
|	|	|------ 52(6, 6)
|	|------ 61(6, 4)
|	|	|------ 54(3, 0)
|	|	|------ 61(3, 1)
|	|	|------ 52(4, 0)
|	|	|------ 56(4, 2)
|	|	|------ 56(4, 3)
|	|	|------ 61(4, 4)
|	|	|------ 52(5, 0)
|	|	|------ 52(5, 1)
|	|	|------ 54(5, 2)
|	|	|------ 56(5, 4)
|	|	|------ 52(6, 2)
|	|	|------ 54(6, 3)
|	|	|------ 54(6, 5)
|	|	|------ 52(6, 6)
|	|------ 66(6, 5)
|	|	|------ 54(3, 0)
|	|	|------ 61(3, 1)
|	|	|------ 52(4, 0)
|	|	|------ 54(4, 2)
|	|	|------ 54(4, 3)
|	|	|------ 59(4, 4)
|	|	|------ 52(5, 0)
|	|	|------ 52(5, 1)
|	|	|------ 52(5, 2)
|	|	|------ 54(5, 4)
|	|	|------ 50(6, 2)
|	|	|------ 50(6, 3)
|	|	|------ 54(6, 4)
|	|	|------ 66(6, 6)
|	|------ 66(6, 6)
|	|	|------ 54(3, 0)
|	|	|------ 61(3, 1)
|	|	|------ 52(4, 0)
|	|	|------ 54(4, 2)
|	|	|------ 54(4, 3)
|	|	|------ 59(4, 4)
|	|	|------ 52(5, 0)
|	|	|------ 52(5, 1)
|	|	|------ 52(5, 2)
|	|	|------ 52(5, 4)
|	|	|------ 50(6, 2)
|	|	|------ 50(6, 3)
|	|	|------ 52(6, 4)
|	|	|------ 66(6, 5)
|------ 49(5, 4)
|	|------ 77(3, 0)
|	|	|------ 77(3, 1)
|	|	|------ 56(4, 0)
|	|	|------ 56(4, 2)
|	|	|------ 56(4, 3)
|	|	|------ 64(4, 4)
|	|	|------ 54(5, 0)
|	|	|------ 54(5, 1)
|	|	|------ 54(5, 2)
|	|	|------ 52(5, 3)
|	|	|------ 52(6, 2)
|	|	|------ 52(6, 3)
|	|	|------ 52(6, 4)
|	|	|------ 52(6, 5)
|	|	|------ 52(6, 6)
|	|------ 63(3, 1)
|	|	|------ 63(3, 0)
|	|	|------ 49(4, 0)
|	|	|------ 51(4, 2)
|	|	|------ 49(4, 3)
|	|	|------ 57(4, 4)
|	|	|------ 47(5, 0)
|	|	|------ 47(5, 1)
|	|	|------ 47(5, 2)
|	|	|------ 45(5, 3)
|	|	|------ 45(6, 2)
|	|	|------ 45(6, 3)
|	|	|------ 45(6, 4)
|	|	|------ 45(6, 5)
|	|	|------ 45(6, 6)
|	|------ 67(4, 0)
|	|	|------ 60(3, 0)
|	|	|------ 67(3, 1)
|	|	|------ 58(4, 2)
|	|	|------ 58(4, 3)
|	|	|------ 66(4, 4)
|	|	|------ 58(5, 0)
|	|	|------ 58(5, 1)
|	|	|------ 56(5, 2)
|	|	|------ 54(5, 3)
|	|	|------ 54(6, 2)
|	|	|------ 54(6, 3)
|	|	|------ 54(6, 4)
|	|	|------ 54(6, 5)
|	|	|------ 54(6, 6)
|	|------ 66(4, 2)
|	|	|------ 56(3, 0)
|	|	|------ 65(3, 1)
|	|	|------ 54(4, 0)
|	|	|------ 60(4, 3)
|	|	|------ 66(4, 4)
|	|	|------ 54(5, 0)
|	|	|------ 56(5, 1)
|	|	|------ 56(5, 2)
|	|	|------ 54(5, 3)
|	|	|------ 52(6, 2)
|	|	|------ 52(6, 3)
|	|	|------ 52(6, 4)
|	|	|------ 52(6, 5)
|	|	|------ 52(6, 6)
|	|------ 73(4, 3)
|	|	|------ 54(3, 0)
|	|	|------ 61(3, 1)
|	|	|------ 52(4, 0)
|	|	|------ 58(4, 2)
|	|	|------ 73(4, 4)
|	|	|------ 52(5, 0)
|	|	|------ 52(5, 1)
|	|	|------ 54(5, 2)
|	|	|------ 54(5, 3)
|	|	|------ 50(6, 2)
|	|	|------ 52(6, 3)
|	|	|------ 52(6, 4)
|	|	|------ 52(6, 5)
|	|	|------ 50(6, 6)
|	|------ 49(4, 4)
|	|	|------ 38(3, 0)
|	|	|------ 45(3, 1)
|	|	|------ 36(4, 0)
|	|	|------ 40(4, 2)
|	|	|------ 49(4, 3)
|	|	|------ 36(5, 0)
|	|	|------ 36(5, 1)
|	|	|------ 36(5, 2)
|	|	|------ 38(5, 3)
|	|	|------ 34(6, 2)
|	|	|------ 36(6, 3)
|	|	|------ 38(6, 4)
|	|	|------ 38(6, 5)
|	|	|------ 36(6, 6)
|	|------ 63(5, 0)
|	|	|------ 54(3, 0)
|	|	|------ 61(3, 1)
|	|	|------ 54(4, 0)
|	|	|------ 54(4, 2)
|	|	|------ 54(4, 3)
|	|	|------ 62(4, 4)
|	|	|------ 63(5, 1)
|	|	|------ 54(5, 2)
|	|	|------ 50(5, 3)
|	|	|------ 52(6, 2)
|	|	|------ 50(6, 3)
|	|	|------ 50(6, 4)
|	|	|------ 50(6, 5)
|	|	|------ 50(6, 6)
|	|------ 63(5, 1)
|	|	|------ 54(3, 0)
|	|	|------ 61(3, 1)
|	|	|------ 54(4, 0)
|	|	|------ 56(4, 2)
|	|	|------ 54(4, 3)
|	|	|------ 62(4, 4)
|	|	|------ 63(5, 0)
|	|	|------ 56(5, 2)
|	|	|------ 50(5, 3)
|	|	|------ 54(6, 2)
|	|	|------ 50(6, 3)
|	|	|------ 50(6, 4)
|	|	|------ 50(6, 5)
|	|	|------ 50(6, 6)
|	|------ 64(5, 2)
|	|	|------ 56(3, 0)
|	|	|------ 63(3, 1)
|	|	|------ 54(4, 0)
|	|	|------ 58(4, 2)
|	|	|------ 58(4, 3)
|	|	|------ 64(4, 4)
|	|	|------ 56(5, 0)
|	|	|------ 58(5, 1)
|	|	|------ 54(5, 3)
|	|	|------ 56(6, 2)
|	|	|------ 54(6, 3)
|	|	|------ 52(6, 4)
|	|	|------ 52(6, 5)
|	|	|------ 52(6, 6)
|	|------ 68(5, 3)
|	|	|------ 56(3, 0)
|	|	|------ 63(3, 1)
|	|	|------ 54(4, 0)
|	|	|------ 58(4, 2)
|	|	|------ 60(4, 3)
|	|	|------ 68(4, 4)
|	|	|------ 54(5, 0)
|	|	|------ 54(5, 1)
|	|	|------ 56(5, 2)
|	|	|------ 54(6, 2)
|	|	|------ 56(6, 3)
|	|	|------ 56(6, 4)
|	|	|------ 54(6, 5)
|	|	|------ 52(6, 6)
|	|------ 64(6, 2)
|	|	|------ 56(3, 0)
|	|	|------ 63(3, 1)
|	|	|------ 54(4, 0)
|	|	|------ 56(4, 2)
|	|	|------ 56(4, 3)
|	|	|------ 64(4, 4)
|	|	|------ 56(5, 0)
|	|	|------ 58(5, 1)
|	|	|------ 58(5, 2)
|	|	|------ 54(5, 3)
|	|	|------ 54(6, 3)
|	|	|------ 52(6, 4)
|	|	|------ 52(6, 5)
|	|	|------ 52(6, 6)
|	|------ 66(6, 3)
|	|	|------ 56(3, 0)
|	|	|------ 63(3, 1)
|	|	|------ 54(4, 0)
|	|	|------ 56(4, 2)
|	|	|------ 58(4, 3)
|	|	|------ 66(4, 4)
|	|	|------ 54(5, 0)
|	|	|------ 54(5, 1)
|	|	|------ 56(5, 2)
|	|	|------ 56(5, 3)
|	|	|------ 54(6, 2)
|	|	|------ 56(6, 4)
|	|	|------ 54(6, 5)
|	|	|------ 52(6, 6)
|	|------ 66(6, 4)
|	|	|------ 54(3, 0)
|	|	|------ 61(3, 1)
|	|	|------ 52(4, 0)
|	|	|------ 54(4, 2)
|	|	|------ 56(4, 3)
|	|	|------ 66(4, 4)
|	|	|------ 52(5, 0)
|	|	|------ 52(5, 1)
|	|	|------ 52(5, 2)
|	|	|------ 54(5, 3)
|	|	|------ 50(6, 2)
|	|	|------ 54(6, 3)
|	|	|------ 56(6, 5)
|	|	|------ 52(6, 6)
|	|------ 64(6, 5)
|	|	|------ 52(3, 0)
|	|	|------ 59(3, 1)
|	|	|------ 50(4, 0)
|	|	|------ 52(4, 2)
|	|	|------ 54(4, 3)
|	|	|------ 64(4, 4)
|	|	|------ 50(5, 0)
|	|	|------ 50(5, 1)
|	|	|------ 50(5, 2)
|	|	|------ 50(5, 3)
|	|	|------ 48(6, 2)
|	|	|------ 50(6, 3)
|	|	|------ 54(6, 4)
|	|	|------ 64(6, 6)
|	|------ 66(6, 6)
|	|	|------ 54(3, 0)
|	|	|------ 61(3, 1)
|	|	|------ 52(4, 0)
|	|	|------ 54(4, 2)
|	|	|------ 54(4, 3)
|	|	|------ 64(4, 4)
|	|	|------ 52(5, 0)
|	|	|------ 52(5, 1)
|	|	|------ 52(5, 2)
|	|	|------ 50(5, 3)
|	|	|------ 50(6, 2)
|	|	|------ 50(6, 3)
|	|	|------ 52(6, 4)
|	|	|------ 66(6, 5)
|------ 54(6, 2)
|	|------ 77(3, 0)
|	|	|------ 77(3, 1)
|	|	|------ 56(4, 0)
|	|	|------ 56(4, 2)
|	|	|------ 56(4, 3)
|	|	|------ 59(4, 4)
|	|	|------ 54(5, 0)
|	|	|------ 54(5, 1)
|	|	|------ 54(5, 2)
|	|	|------ 52(5, 3)
|	|	|------ 52(5, 4)
|	|	|------ 52(6, 3)
|	|	|------ 52(6, 4)
|	|	|------ 52(6, 5)
|	|	|------ 52(6, 6)
|	|------ 63(3, 1)
|	|	|------ 63(3, 0)
|	|	|------ 49(4, 0)
|	|	|------ 51(4, 2)
|	|	|------ 49(4, 3)
|	|	|------ 52(4, 4)
|	|	|------ 47(5, 0)
|	|	|------ 47(5, 1)
|	|	|------ 47(5, 2)
|	|	|------ 45(5, 3)
|	|	|------ 45(5, 4)
|	|	|------ 45(6, 3)
|	|	|------ 45(6, 4)
|	|	|------ 45(6, 5)
|	|	|------ 45(6, 6)
|	|------ 67(4, 0)
|	|	|------ 60(3, 0)
|	|	|------ 67(3, 1)
|	|	|------ 58(4, 2)
|	|	|------ 58(4, 3)
|	|	|------ 61(4, 4)
|	|	|------ 58(5, 0)
|	|	|------ 58(5, 1)
|	|	|------ 56(5, 2)
|	|	|------ 54(5, 3)
|	|	|------ 54(5, 4)
|	|	|------ 54(6, 3)
|	|	|------ 54(6, 4)
|	|	|------ 54(6, 5)
|	|	|------ 54(6, 6)
|	|------ 65(4, 2)
|	|	|------ 56(3, 0)
|	|	|------ 65(3, 1)
|	|	|------ 54(4, 0)
|	|	|------ 60(4, 3)
|	|	|------ 61(4, 4)
|	|	|------ 54(5, 0)
|	|	|------ 56(5, 1)
|	|	|------ 56(5, 2)
|	|	|------ 54(5, 3)
|	|	|------ 52(5, 4)
|	|	|------ 52(6, 3)
|	|	|------ 52(6, 4)
|	|	|------ 52(6, 5)
|	|	|------ 52(6, 6)
|	|------ 68(4, 3)
|	|	|------ 56(3, 0)
|	|	|------ 63(3, 1)
|	|	|------ 54(4, 0)
|	|	|------ 60(4, 2)
|	|	|------ 68(4, 4)
|	|	|------ 54(5, 0)
|	|	|------ 54(5, 1)
|	|	|------ 56(5, 2)
|	|	|------ 54(5, 3)
|	|	|------ 54(5, 4)
|	|	|------ 52(6, 3)
|	|	|------ 52(6, 4)
|	|	|------ 52(6, 5)
|	|	|------ 52(6, 6)
|	|------ 54(4, 4)
|	|	|------ 45(3, 0)
|	|	|------ 52(3, 1)
|	|	|------ 43(4, 0)
|	|	|------ 47(4, 2)
|	|	|------ 54(4, 3)
|	|	|------ 43(5, 0)
|	|	|------ 43(5, 1)
|	|	|------ 43(5, 2)
|	|	|------ 43(5, 3)
|	|	|------ 52(5, 4)
|	|	|------ 41(6, 3)
|	|	|------ 43(6, 4)
|	|	|------ 43(6, 5)
|	|	|------ 43(6, 6)
|	|------ 63(5, 0)
|	|	|------ 54(3, 0)
|	|	|------ 61(3, 1)
|	|	|------ 54(4, 0)
|	|	|------ 54(4, 2)
|	|	|------ 54(4, 3)
|	|	|------ 57(4, 4)
|	|	|------ 63(5, 1)
|	|	|------ 54(5, 2)
|	|	|------ 50(5, 3)
|	|	|------ 50(5, 4)
|	|	|------ 50(6, 3)
|	|	|------ 50(6, 4)
|	|	|------ 50(6, 5)
|	|	|------ 50(6, 6)
|	|------ 61(5, 1)
|	|	|------ 52(3, 0)
|	|	|------ 59(3, 1)
|	|	|------ 52(4, 0)
|	|	|------ 54(4, 2)
|	|	|------ 52(4, 3)
|	|	|------ 55(4, 4)
|	|	|------ 61(5, 0)
|	|	|------ 56(5, 2)
|	|	|------ 50(5, 3)
|	|	|------ 48(5, 4)
|	|	|------ 50(6, 3)
|	|	|------ 48(6, 4)
|	|	|------ 48(6, 5)
|	|	|------ 48(6, 6)
|	|------ 61(5, 2)
|	|	|------ 54(3, 0)
|	|	|------ 61(3, 1)
|	|	|------ 52(4, 0)
|	|	|------ 56(4, 2)
|	|	|------ 56(4, 3)
|	|	|------ 57(4, 4)
|	|	|------ 54(5, 0)
|	|	|------ 58(5, 1)
|	|	|------ 54(5, 3)
|	|	|------ 50(5, 4)
|	|	|------ 54(6, 3)
|	|	|------ 50(6, 4)
|	|	|------ 50(6, 5)
|	|	|------ 50(6, 6)
|	|------ 63(5, 3)
|	|	|------ 56(3, 0)
|	|	|------ 63(3, 1)
|	|	|------ 54(4, 0)
|	|	|------ 58(4, 2)
|	|	|------ 58(4, 3)
|	|	|------ 61(4, 4)
|	|	|------ 54(5, 0)
|	|	|------ 56(5, 1)
|	|	|------ 58(5, 2)
|	|	|------ 54(5, 4)
|	|	|------ 56(6, 3)
|	|	|------ 54(6, 4)
|	|	|------ 52(6, 5)
|	|	|------ 52(6, 6)
|	|------ 68(5, 4)
|	|	|------ 54(3, 0)
|	|	|------ 61(3, 1)
|	|	|------ 52(4, 0)
|	|	|------ 54(4, 2)
|	|	|------ 56(4, 3)
|	|	|------ 68(4, 4)
|	|	|------ 52(5, 0)
|	|	|------ 52(5, 1)
|	|	|------ 52(5, 2)
|	|	|------ 52(5, 3)
|	|	|------ 52(6, 3)
|	|	|------ 54(6, 4)
|	|	|------ 54(6, 5)
|	|	|------ 52(6, 6)
|	|------ 63(6, 3)
|	|	|------ 56(3, 0)
|	|	|------ 63(3, 1)
|	|	|------ 54(4, 0)
|	|	|------ 56(4, 2)
|	|	|------ 56(4, 3)
|	|	|------ 59(4, 4)
|	|	|------ 54(5, 0)
|	|	|------ 56(5, 1)
|	|	|------ 58(5, 2)
|	|	|------ 56(5, 3)
|	|	|------ 54(5, 4)
|	|	|------ 54(6, 4)
|	|	|------ 52(6, 5)
|	|	|------ 52(6, 6)
|	|------ 63(6, 4)
|	|	|------ 56(3, 0)
|	|	|------ 63(3, 1)
|	|	|------ 54(4, 0)
|	|	|------ 56(4, 2)
|	|	|------ 56(4, 3)
|	|	|------ 61(4, 4)
|	|	|------ 54(5, 0)
|	|	|------ 54(5, 1)
|	|	|------ 54(5, 2)
|	|	|------ 54(5, 3)
|	|	|------ 56(5, 4)
|	|	|------ 54(6, 3)
|	|	|------ 56(6, 5)
|	|	|------ 54(6, 6)
|	|------ 66(6, 5)
|	|	|------ 54(3, 0)
|	|	|------ 61(3, 1)
|	|	|------ 52(4, 0)
|	|	|------ 54(4, 2)
|	|	|------ 54(4, 3)
|	|	|------ 59(4, 4)
|	|	|------ 52(5, 0)
|	|	|------ 52(5, 1)
|	|	|------ 52(5, 2)
|	|	|------ 50(5, 3)
|	|	|------ 54(5, 4)
|	|	|------ 50(6, 3)
|	|	|------ 54(6, 4)
|	|	|------ 66(6, 6)
|	|------ 66(6, 6)
|	|	|------ 54(3, 0)
|	|	|------ 61(3, 1)
|	|	|------ 52(4, 0)
|	|	|------ 54(4, 2)
|	|	|------ 54(4, 3)
|	|	|------ 59(4, 4)
|	|	|------ 52(5, 0)
|	|	|------ 52(5, 1)
|	|	|------ 52(5, 2)
|	|	|------ 50(5, 3)
|	|	|------ 52(5, 4)
|	|	|------ 50(6, 3)
|	|	|------ 52(6, 4)
|	|	|------ 66(6, 5)
|------ 54(6, 3)
|	|------ 77(3, 0)
|	|	|------ 77(3, 1)
|	|	|------ 56(4, 0)
|	|	|------ 56(4, 2)
|	|	|------ 56(4, 3)
|	|	|------ 59(4, 4)
|	|	|------ 54(5, 0)
|	|	|------ 54(5, 1)
|	|	|------ 54(5, 2)
|	|	|------ 52(5, 3)
|	|	|------ 52(5, 4)
|	|	|------ 52(6, 2)
|	|	|------ 52(6, 4)
|	|	|------ 52(6, 5)
|	|	|------ 52(6, 6)
|	|------ 63(3, 1)
|	|	|------ 63(3, 0)
|	|	|------ 49(4, 0)
|	|	|------ 51(4, 2)
|	|	|------ 49(4, 3)
|	|	|------ 52(4, 4)
|	|	|------ 47(5, 0)
|	|	|------ 47(5, 1)
|	|	|------ 47(5, 2)
|	|	|------ 45(5, 3)
|	|	|------ 45(5, 4)
|	|	|------ 45(6, 2)
|	|	|------ 45(6, 4)
|	|	|------ 45(6, 5)
|	|	|------ 45(6, 6)
|	|------ 67(4, 0)
|	|	|------ 60(3, 0)
|	|	|------ 67(3, 1)
|	|	|------ 58(4, 2)
|	|	|------ 58(4, 3)
|	|	|------ 61(4, 4)
|	|	|------ 58(5, 0)
|	|	|------ 58(5, 1)
|	|	|------ 56(5, 2)
|	|	|------ 54(5, 3)
|	|	|------ 54(5, 4)
|	|	|------ 54(6, 2)
|	|	|------ 54(6, 4)
|	|	|------ 54(6, 5)
|	|	|------ 54(6, 6)
|	|------ 65(4, 2)
|	|	|------ 56(3, 0)
|	|	|------ 65(3, 1)
|	|	|------ 54(4, 0)
|	|	|------ 60(4, 3)
|	|	|------ 61(4, 4)
|	|	|------ 54(5, 0)
|	|	|------ 56(5, 1)
|	|	|------ 56(5, 2)
|	|	|------ 54(5, 3)
|	|	|------ 52(5, 4)
|	|	|------ 52(6, 2)
|	|	|------ 52(6, 4)
|	|	|------ 52(6, 5)
|	|	|------ 52(6, 6)
|	|------ 68(4, 3)
|	|	|------ 56(3, 0)
|	|	|------ 63(3, 1)
|	|	|------ 54(4, 0)
|	|	|------ 60(4, 2)
|	|	|------ 68(4, 4)
|	|	|------ 54(5, 0)
|	|	|------ 54(5, 1)
|	|	|------ 56(5, 2)
|	|	|------ 54(5, 3)
|	|	|------ 54(5, 4)
|	|	|------ 52(6, 2)
|	|	|------ 52(6, 4)
|	|	|------ 52(6, 5)
|	|	|------ 52(6, 6)
|	|------ 54(4, 4)
|	|	|------ 45(3, 0)
|	|	|------ 52(3, 1)
|	|	|------ 43(4, 0)
|	|	|------ 47(4, 2)
|	|	|------ 54(4, 3)
|	|	|------ 43(5, 0)
|	|	|------ 43(5, 1)
|	|	|------ 43(5, 2)
|	|	|------ 43(5, 3)
|	|	|------ 52(5, 4)
|	|	|------ 41(6, 2)
|	|	|------ 43(6, 4)
|	|	|------ 43(6, 5)
|	|	|------ 43(6, 6)
|	|------ 63(5, 0)
|	|	|------ 54(3, 0)
|	|	|------ 61(3, 1)
|	|	|------ 54(4, 0)
|	|	|------ 54(4, 2)
|	|	|------ 54(4, 3)
|	|	|------ 57(4, 4)
|	|	|------ 63(5, 1)
|	|	|------ 54(5, 2)
|	|	|------ 50(5, 3)
|	|	|------ 50(5, 4)
|	|	|------ 52(6, 2)
|	|	|------ 50(6, 4)
|	|	|------ 50(6, 5)
|	|	|------ 50(6, 6)
|	|------ 63(5, 1)
|	|	|------ 54(3, 0)
|	|	|------ 61(3, 1)
|	|	|------ 54(4, 0)
|	|	|------ 56(4, 2)
|	|	|------ 54(4, 3)
|	|	|------ 57(4, 4)
|	|	|------ 63(5, 0)
|	|	|------ 56(5, 2)
|	|	|------ 50(5, 3)
|	|	|------ 50(5, 4)
|	|	|------ 54(6, 2)
|	|	|------ 50(6, 4)
|	|	|------ 50(6, 5)
|	|	|------ 50(6, 6)
|	|------ 61(5, 2)
|	|	|------ 54(3, 0)
|	|	|------ 61(3, 1)
|	|	|------ 52(4, 0)
|	|	|------ 56(4, 2)
|	|	|------ 56(4, 3)
|	|	|------ 57(4, 4)
|	|	|------ 54(5, 0)
|	|	|------ 56(5, 1)
|	|	|------ 54(5, 3)
|	|	|------ 52(5, 4)
|	|	|------ 56(6, 2)
|	|	|------ 52(6, 4)
|	|	|------ 50(6, 5)
|	|	|------ 50(6, 6)
|	|------ 63(5, 3)
|	|	|------ 56(3, 0)
|	|	|------ 63(3, 1)
|	|	|------ 54(4, 0)
|	|	|------ 58(4, 2)
|	|	|------ 58(4, 3)
|	|	|------ 61(4, 4)
|	|	|------ 54(5, 0)
|	|	|------ 54(5, 1)
|	|	|------ 58(5, 2)
|	|	|------ 56(5, 4)
|	|	|------ 56(6, 2)
|	|	|------ 56(6, 4)
|	|	|------ 52(6, 5)
|	|	|------ 52(6, 6)
|	|------ 66(5, 4)
|	|	|------ 52(3, 0)
|	|	|------ 59(3, 1)
|	|	|------ 50(4, 0)
|	|	|------ 52(4, 2)
|	|	|------ 54(4, 3)
|	|	|------ 66(4, 4)
|	|	|------ 50(5, 0)
|	|	|------ 50(5, 1)
|	|	|------ 52(5, 2)
|	|	|------ 52(5, 3)
|	|	|------ 50(6, 2)
|	|	|------ 54(6, 4)
|	|	|------ 52(6, 5)
|	|	|------ 50(6, 6)
|	|------ 61(6, 2)
|	|	|------ 54(3, 0)
|	|	|------ 61(3, 1)
|	|	|------ 52(4, 0)
|	|	|------ 54(4, 2)
|	|	|------ 54(4, 3)
|	|	|------ 57(4, 4)
|	|	|------ 54(5, 0)
|	|	|------ 56(5, 1)
|	|	|------ 58(5, 2)
|	|	|------ 54(5, 3)
|	|	|------ 52(5, 4)
|	|	|------ 52(6, 4)
|	|	|------ 50(6, 5)
|	|	|------ 50(6, 6)
|	|------ 61(6, 4)
|	|	|------ 54(3, 0)
|	|	|------ 61(3, 1)
|	|	|------ 52(4, 0)
|	|	|------ 54(4, 2)
|	|	|------ 54(4, 3)
|	|	|------ 59(4, 4)
|	|	|------ 52(5, 0)
|	|	|------ 52(5, 1)
|	|	|------ 54(5, 2)
|	|	|------ 54(5, 3)
|	|	|------ 56(5, 4)
|	|	|------ 52(6, 2)
|	|	|------ 54(6, 5)
|	|	|------ 52(6, 6)
|	|------ 66(6, 5)
|	|	|------ 54(3, 0)
|	|	|------ 61(3, 1)
|	|	|------ 52(4, 0)
|	|	|------ 54(4, 2)
|	|	|------ 54(4, 3)
|	|	|------ 59(4, 4)
|	|	|------ 52(5, 0)
|	|	|------ 52(5, 1)
|	|	|------ 52(5, 2)
|	|	|------ 50(5, 3)
|	|	|------ 54(5, 4)
|	|	|------ 50(6, 2)
|	|	|------ 54(6, 4)
|	|	|------ 66(6, 6)
|	|------ 66(6, 6)
|	|	|------ 54(3, 0)
|	|	|------ 61(3, 1)
|	|	|------ 52(4, 0)
|	|	|------ 54(4, 2)
|	|	|------ 54(4, 3)
|	|	|------ 59(4, 4)
|	|	|------ 52(5, 0)
|	|	|------ 52(5, 1)
|	|	|------ 52(5, 2)
|	|	|------ 50(5, 3)
|	|	|------ 52(5, 4)
|	|	|------ 50(6, 2)
|	|	|------ 52(6, 4)
|	|	|------ 66(6, 5)
|------ 54(6, 4)
|	|------ 77(3, 0)
|	|	|------ 77(3, 1)
|	|	|------ 56(4, 0)
|	|	|------ 56(4, 2)
|	|	|------ 56(4, 3)
|	|	|------ 59(4, 4)
|	|	|------ 54(5, 0)
|	|	|------ 54(5, 1)
|	|	|------ 54(5, 2)
|	|	|------ 52(5, 3)
|	|	|------ 52(5, 4)
|	|	|------ 52(6, 2)
|	|	|------ 52(6, 3)
|	|	|------ 52(6, 5)
|	|	|------ 52(6, 6)
|	|------ 63(3, 1)
|	|	|------ 63(3, 0)
|	|	|------ 49(4, 0)
|	|	|------ 51(4, 2)
|	|	|------ 49(4, 3)
|	|	|------ 52(4, 4)
|	|	|------ 47(5, 0)
|	|	|------ 47(5, 1)
|	|	|------ 47(5, 2)
|	|	|------ 45(5, 3)
|	|	|------ 45(5, 4)
|	|	|------ 45(6, 2)
|	|	|------ 45(6, 3)
|	|	|------ 45(6, 5)
|	|	|------ 45(6, 6)
|	|------ 67(4, 0)
|	|	|------ 60(3, 0)
|	|	|------ 67(3, 1)
|	|	|------ 58(4, 2)
|	|	|------ 58(4, 3)
|	|	|------ 61(4, 4)
|	|	|------ 58(5, 0)
|	|	|------ 58(5, 1)
|	|	|------ 56(5, 2)
|	|	|------ 54(5, 3)
|	|	|------ 54(5, 4)
|	|	|------ 54(6, 2)
|	|	|------ 54(6, 3)
|	|	|------ 54(6, 5)
|	|	|------ 54(6, 6)
|	|------ 65(4, 2)
|	|	|------ 56(3, 0)
|	|	|------ 65(3, 1)
|	|	|------ 54(4, 0)
|	|	|------ 60(4, 3)
|	|	|------ 61(4, 4)
|	|	|------ 54(5, 0)
|	|	|------ 56(5, 1)
|	|	|------ 56(5, 2)
|	|	|------ 54(5, 3)
|	|	|------ 52(5, 4)
|	|	|------ 52(6, 2)
|	|	|------ 52(6, 3)
|	|	|------ 52(6, 5)
|	|	|------ 52(6, 6)
|	|------ 68(4, 3)
|	|	|------ 56(3, 0)
|	|	|------ 63(3, 1)
|	|	|------ 54(4, 0)
|	|	|------ 60(4, 2)
|	|	|------ 68(4, 4)
|	|	|------ 54(5, 0)
|	|	|------ 54(5, 1)
|	|	|------ 56(5, 2)
|	|	|------ 54(5, 3)
|	|	|------ 54(5, 4)
|	|	|------ 52(6, 2)
|	|	|------ 52(6, 3)
|	|	|------ 52(6, 5)
|	|	|------ 52(6, 6)
|	|------ 54(4, 4)
|	|	|------ 45(3, 0)
|	|	|------ 52(3, 1)
|	|	|------ 43(4, 0)
|	|	|------ 47(4, 2)
|	|	|------ 54(4, 3)
|	|	|------ 43(5, 0)
|	|	|------ 43(5, 1)
|	|	|------ 43(5, 2)
|	|	|------ 43(5, 3)
|	|	|------ 52(5, 4)
|	|	|------ 41(6, 2)
|	|	|------ 41(6, 3)
|	|	|------ 43(6, 5)
|	|	|------ 43(6, 6)
|	|------ 63(5, 0)
|	|	|------ 54(3, 0)
|	|	|------ 61(3, 1)
|	|	|------ 54(4, 0)
|	|	|------ 54(4, 2)
|	|	|------ 54(4, 3)
|	|	|------ 57(4, 4)
|	|	|------ 63(5, 1)
|	|	|------ 54(5, 2)
|	|	|------ 50(5, 3)
|	|	|------ 50(5, 4)
|	|	|------ 52(6, 2)
|	|	|------ 50(6, 3)
|	|	|------ 50(6, 5)
|	|	|------ 50(6, 6)
|	|------ 63(5, 1)
|	|	|------ 54(3, 0)
|	|	|------ 61(3, 1)
|	|	|------ 54(4, 0)
|	|	|------ 56(4, 2)
|	|	|------ 54(4, 3)
|	|	|------ 57(4, 4)
|	|	|------ 63(5, 0)
|	|	|------ 56(5, 2)
|	|	|------ 50(5, 3)
|	|	|------ 50(5, 4)
|	|	|------ 54(6, 2)
|	|	|------ 50(6, 3)
|	|	|------ 50(6, 5)
|	|	|------ 50(6, 6)
|	|------ 63(5, 2)
|	|	|------ 56(3, 0)
|	|	|------ 63(3, 1)
|	|	|------ 54(4, 0)
|	|	|------ 58(4, 2)
|	|	|------ 58(4, 3)
|	|	|------ 59(4, 4)
|	|	|------ 56(5, 0)
|	|	|------ 58(5, 1)
|	|	|------ 54(5, 3)
|	|	|------ 52(5, 4)
|	|	|------ 56(6, 2)
|	|	|------ 54(6, 3)
|	|	|------ 52(6, 5)
|	|	|------ 52(6, 6)
|	|------ 63(5, 3)
|	|	|------ 56(3, 0)
|	|	|------ 63(3, 1)
|	|	|------ 54(4, 0)
|	|	|------ 58(4, 2)
|	|	|------ 58(4, 3)
|	|	|------ 61(4, 4)
|	|	|------ 54(5, 0)
|	|	|------ 54(5, 1)
|	|	|------ 56(5, 2)
|	|	|------ 56(5, 4)
|	|	|------ 54(6, 2)
|	|	|------ 56(6, 3)
|	|	|------ 54(6, 5)
|	|	|------ 52(6, 6)
|	|------ 66(5, 4)
|	|	|------ 52(3, 0)
|	|	|------ 59(3, 1)
|	|	|------ 50(4, 0)
|	|	|------ 52(4, 2)
|	|	|------ 54(4, 3)
|	|	|------ 66(4, 4)
|	|	|------ 50(5, 0)
|	|	|------ 50(5, 1)
|	|	|------ 50(5, 2)
|	|	|------ 52(5, 3)
|	|	|------ 48(6, 2)
|	|	|------ 52(6, 3)
|	|	|------ 54(6, 5)
|	|	|------ 50(6, 6)
|	|------ 63(6, 2)
|	|	|------ 56(3, 0)
|	|	|------ 63(3, 1)
|	|	|------ 54(4, 0)
|	|	|------ 56(4, 2)
|	|	|------ 56(4, 3)
|	|	|------ 59(4, 4)
|	|	|------ 56(5, 0)
|	|	|------ 58(5, 1)
|	|	|------ 58(5, 2)
|	|	|------ 54(5, 3)
|	|	|------ 52(5, 4)
|	|	|------ 54(6, 3)
|	|	|------ 52(6, 5)
|	|	|------ 52(6, 6)
|	|------ 63(6, 3)
|	|	|------ 56(3, 0)
|	|	|------ 63(3, 1)
|	|	|------ 54(4, 0)
|	|	|------ 56(4, 2)
|	|	|------ 56(4, 3)
|	|	|------ 59(4, 4)
|	|	|------ 54(5, 0)
|	|	|------ 54(5, 1)
|	|	|------ 56(5, 2)
|	|	|------ 56(5, 3)
|	|	|------ 56(5, 4)
|	|	|------ 54(6, 2)
|	|	|------ 54(6, 5)
|	|	|------ 52(6, 6)
|	|------ 64(6, 5)
|	|	|------ 52(3, 0)
|	|	|------ 59(3, 1)
|	|	|------ 50(4, 0)
|	|	|------ 52(4, 2)
|	|	|------ 52(4, 3)
|	|	|------ 57(4, 4)
|	|	|------ 50(5, 0)
|	|	|------ 50(5, 1)
|	|	|------ 50(5, 2)
|	|	|------ 50(5, 3)
|	|	|------ 54(5, 4)
|	|	|------ 48(6, 2)
|	|	|------ 50(6, 3)
|	|	|------ 64(6, 6)
|	|------ 66(6, 6)
|	|	|------ 54(3, 0)
|	|	|------ 61(3, 1)
|	|	|------ 52(4, 0)
|	|	|------ 54(4, 2)
|	|	|------ 54(4, 3)
|	|	|------ 59(4, 4)
|	|	|------ 52(5, 0)
|	|	|------ 52(5, 1)
|	|	|------ 52(5, 2)
|	|	|------ 50(5, 3)
|	|	|------ 52(5, 4)
|	|	|------ 50(6, 2)
|	|	|------ 50(6, 3)
|	|	|------ 66(6, 5)
|------ 49(6, 5)
|	|------ 77(3, 0)
|	|	|------ 77(3, 1)
|	|	|------ 56(4, 0)
|	|	|------ 56(4, 2)
|	|	|------ 56(4, 3)
|	|	|------ 59(4, 4)
|	|	|------ 54(5, 0)
|	|	|------ 54(5, 1)
|	|	|------ 54(5, 2)
|	|	|------ 52(5, 3)
|	|	|------ 52(5, 4)
|	|	|------ 52(6, 2)
|	|	|------ 52(6, 3)
|	|	|------ 52(6, 4)
|	|	|------ 62(6, 6)
|	|------ 63(3, 1)
|	|	|------ 63(3, 0)
|	|	|------ 49(4, 0)
|	|	|------ 51(4, 2)
|	|	|------ 49(4, 3)
|	|	|------ 52(4, 4)
|	|	|------ 47(5, 0)
|	|	|------ 47(5, 1)
|	|	|------ 47(5, 2)
|	|	|------ 45(5, 3)
|	|	|------ 45(5, 4)
|	|	|------ 45(6, 2)
|	|	|------ 45(6, 3)
|	|	|------ 45(6, 4)
|	|	|------ 55(6, 6)
|	|------ 67(4, 0)
|	|	|------ 60(3, 0)
|	|	|------ 67(3, 1)
|	|	|------ 58(4, 2)
|	|	|------ 58(4, 3)
|	|	|------ 61(4, 4)
|	|	|------ 58(5, 0)
|	|	|------ 58(5, 1)
|	|	|------ 56(5, 2)
|	|	|------ 54(5, 3)
|	|	|------ 54(5, 4)
|	|	|------ 54(6, 2)
|	|	|------ 54(6, 3)
|	|	|------ 54(6, 4)
|	|	|------ 64(6, 6)
|	|------ 65(4, 2)
|	|	|------ 56(3, 0)
|	|	|------ 65(3, 1)
|	|	|------ 54(4, 0)
|	|	|------ 60(4, 3)
|	|	|------ 61(4, 4)
|	|	|------ 54(5, 0)
|	|	|------ 56(5, 1)
|	|	|------ 56(5, 2)
|	|	|------ 54(5, 3)
|	|	|------ 52(5, 4)
|	|	|------ 52(6, 2)
|	|	|------ 52(6, 3)
|	|	|------ 52(6, 4)
|	|	|------ 62(6, 6)
|	|------ 68(4, 3)
|	|	|------ 56(3, 0)
|	|	|------ 63(3, 1)
|	|	|------ 54(4, 0)
|	|	|------ 60(4, 2)
|	|	|------ 68(4, 4)
|	|	|------ 54(5, 0)
|	|	|------ 54(5, 1)
|	|	|------ 56(5, 2)
|	|	|------ 54(5, 3)
|	|	|------ 54(5, 4)
|	|	|------ 52(6, 2)
|	|	|------ 52(6, 3)
|	|	|------ 52(6, 4)
|	|	|------ 62(6, 6)
|	|------ 54(4, 4)
|	|	|------ 45(3, 0)
|	|	|------ 52(3, 1)
|	|	|------ 43(4, 0)
|	|	|------ 47(4, 2)
|	|	|------ 54(4, 3)
|	|	|------ 43(5, 0)
|	|	|------ 43(5, 1)
|	|	|------ 43(5, 2)
|	|	|------ 43(5, 3)
|	|	|------ 52(5, 4)
|	|	|------ 41(6, 2)
|	|	|------ 41(6, 3)
|	|	|------ 43(6, 4)
|	|	|------ 53(6, 6)
|	|------ 63(5, 0)
|	|	|------ 54(3, 0)
|	|	|------ 61(3, 1)
|	|	|------ 54(4, 0)
|	|	|------ 54(4, 2)
|	|	|------ 54(4, 3)
|	|	|------ 57(4, 4)
|	|	|------ 63(5, 1)
|	|	|------ 54(5, 2)
|	|	|------ 50(5, 3)
|	|	|------ 50(5, 4)
|	|	|------ 52(6, 2)
|	|	|------ 50(6, 3)
|	|	|------ 50(6, 4)
|	|	|------ 60(6, 6)
|	|------ 63(5, 1)
|	|	|------ 54(3, 0)
|	|	|------ 61(3, 1)
|	|	|------ 54(4, 0)
|	|	|------ 56(4, 2)
|	|	|------ 54(4, 3)
|	|	|------ 57(4, 4)
|	|	|------ 63(5, 0)
|	|	|------ 56(5, 2)
|	|	|------ 50(5, 3)
|	|	|------ 50(5, 4)
|	|	|------ 54(6, 2)
|	|	|------ 50(6, 3)
|	|	|------ 50(6, 4)
|	|	|------ 60(6, 6)
|	|------ 63(5, 2)
|	|	|------ 56(3, 0)
|	|	|------ 63(3, 1)
|	|	|------ 54(4, 0)
|	|	|------ 58(4, 2)
|	|	|------ 58(4, 3)
|	|	|------ 59(4, 4)
|	|	|------ 56(5, 0)
|	|	|------ 58(5, 1)
|	|	|------ 54(5, 3)
|	|	|------ 52(5, 4)
|	|	|------ 56(6, 2)
|	|	|------ 54(6, 3)
|	|	|------ 52(6, 4)
|	|	|------ 62(6, 6)
|	|------ 65(5, 3)
|	|	|------ 58(3, 0)
|	|	|------ 65(3, 1)
|	|	|------ 56(4, 0)
|	|	|------ 60(4, 2)
|	|	|------ 60(4, 3)
|	|	|------ 63(4, 4)
|	|	|------ 56(5, 0)
|	|	|------ 56(5, 1)
|	|	|------ 58(5, 2)
|	|	|------ 56(5, 4)
|	|	|------ 56(6, 2)
|	|	|------ 56(6, 3)
|	|	|------ 56(6, 4)
|	|	|------ 64(6, 6)
|	|------ 66(5, 4)
|	|	|------ 52(3, 0)
|	|	|------ 59(3, 1)
|	|	|------ 50(4, 0)
|	|	|------ 52(4, 2)
|	|	|------ 54(4, 3)
|	|	|------ 66(4, 4)
|	|	|------ 50(5, 0)
|	|	|------ 50(5, 1)
|	|	|------ 50(5, 2)
|	|	|------ 50(5, 3)
|	|	|------ 48(6, 2)
|	|	|------ 50(6, 3)
|	|	|------ 54(6, 4)
|	|	|------ 62(6, 6)
|	|------ 63(6, 2)
|	|	|------ 56(3, 0)
|	|	|------ 63(3, 1)
|	|	|------ 54(4, 0)
|	|	|------ 56(4, 2)
|	|	|------ 56(4, 3)
|	|	|------ 59(4, 4)
|	|	|------ 56(5, 0)
|	|	|------ 58(5, 1)
|	|	|------ 58(5, 2)
|	|	|------ 54(5, 3)
|	|	|------ 52(5, 4)
|	|	|------ 54(6, 3)
|	|	|------ 52(6, 4)
|	|	|------ 62(6, 6)
|	|------ 65(6, 3)
|	|	|------ 58(3, 0)
|	|	|------ 65(3, 1)
|	|	|------ 56(4, 0)
|	|	|------ 58(4, 2)
|	|	|------ 58(4, 3)
|	|	|------ 61(4, 4)
|	|	|------ 56(5, 0)
|	|	|------ 56(5, 1)
|	|	|------ 58(5, 2)
|	|	|------ 56(5, 3)
|	|	|------ 56(5, 4)
|	|	|------ 56(6, 2)
|	|	|------ 56(6, 4)
|	|	|------ 64(6, 6)
|	|------ 64(6, 4)
|	|	|------ 54(3, 0)
|	|	|------ 61(3, 1)
|	|	|------ 52(4, 0)
|	|	|------ 54(4, 2)
|	|	|------ 54(4, 3)
|	|	|------ 59(4, 4)
|	|	|------ 52(5, 0)
|	|	|------ 52(5, 1)
|	|	|------ 52(5, 2)
|	|	|------ 52(5, 3)
|	|	|------ 56(5, 4)
|	|	|------ 50(6, 2)
|	|	|------ 52(6, 3)
|	|	|------ 64(6, 6)
|	|------ 49(6, 6)
|	|	|------ 42(3, 0)
|	|	|------ 49(3, 1)
|	|	|------ 40(4, 0)
|	|	|------ 42(4, 2)
|	|	|------ 42(4, 3)
|	|	|------ 47(4, 4)
|	|	|------ 40(5, 0)
|	|	|------ 40(5, 1)
|	|	|------ 40(5, 2)
|	|	|------ 38(5, 3)
|	|	|------ 42(5, 4)
|	|	|------ 38(6, 2)
|	|	|------ 38(6, 3)
|	|	|------ 42(6, 4)
|------ 49(6, 6)
|	|------ 77(3, 0)
|	|	|------ 77(3, 1)
|	|	|------ 56(4, 0)
|	|	|------ 56(4, 2)
|	|	|------ 56(4, 3)
|	|	|------ 59(4, 4)
|	|	|------ 54(5, 0)
|	|	|------ 54(5, 1)
|	|	|------ 54(5, 2)
|	|	|------ 52(5, 3)
|	|	|------ 52(5, 4)
|	|	|------ 52(6, 2)
|	|	|------ 52(6, 3)
|	|	|------ 52(6, 4)
|	|	|------ 62(6, 5)
|	|------ 63(3, 1)
|	|	|------ 63(3, 0)
|	|	|------ 49(4, 0)
|	|	|------ 51(4, 2)
|	|	|------ 49(4, 3)
|	|	|------ 52(4, 4)
|	|	|------ 47(5, 0)
|	|	|------ 47(5, 1)
|	|	|------ 47(5, 2)
|	|	|------ 45(5, 3)
|	|	|------ 45(5, 4)
|	|	|------ 45(6, 2)
|	|	|------ 45(6, 3)
|	|	|------ 45(6, 4)
|	|	|------ 55(6, 5)
|	|------ 67(4, 0)
|	|	|------ 60(3, 0)
|	|	|------ 67(3, 1)
|	|	|------ 58(4, 2)
|	|	|------ 58(4, 3)
|	|	|------ 61(4, 4)
|	|	|------ 58(5, 0)
|	|	|------ 58(5, 1)
|	|	|------ 56(5, 2)
|	|	|------ 54(5, 3)
|	|	|------ 54(5, 4)
|	|	|------ 54(6, 2)
|	|	|------ 54(6, 3)
|	|	|------ 54(6, 4)
|	|	|------ 64(6, 5)
|	|------ 65(4, 2)
|	|	|------ 56(3, 0)
|	|	|------ 65(3, 1)
|	|	|------ 54(4, 0)
|	|	|------ 60(4, 3)
|	|	|------ 61(4, 4)
|	|	|------ 54(5, 0)
|	|	|------ 56(5, 1)
|	|	|------ 56(5, 2)
|	|	|------ 54(5, 3)
|	|	|------ 52(5, 4)
|	|	|------ 52(6, 2)
|	|	|------ 52(6, 3)
|	|	|------ 52(6, 4)
|	|	|------ 62(6, 5)
|	|------ 68(4, 3)
|	|	|------ 56(3, 0)
|	|	|------ 63(3, 1)
|	|	|------ 54(4, 0)
|	|	|------ 60(4, 2)
|	|	|------ 68(4, 4)
|	|	|------ 54(5, 0)
|	|	|------ 54(5, 1)
|	|	|------ 56(5, 2)
|	|	|------ 54(5, 3)
|	|	|------ 54(5, 4)
|	|	|------ 52(6, 2)
|	|	|------ 52(6, 3)
|	|	|------ 52(6, 4)
|	|	|------ 62(6, 5)
|	|------ 54(4, 4)
|	|	|------ 45(3, 0)
|	|	|------ 52(3, 1)
|	|	|------ 43(4, 0)
|	|	|------ 47(4, 2)
|	|	|------ 54(4, 3)
|	|	|------ 43(5, 0)
|	|	|------ 43(5, 1)
|	|	|------ 43(5, 2)
|	|	|------ 43(5, 3)
|	|	|------ 52(5, 4)
|	|	|------ 41(6, 2)
|	|	|------ 41(6, 3)
|	|	|------ 43(6, 4)
|	|	|------ 53(6, 5)
|	|------ 63(5, 0)
|	|	|------ 54(3, 0)
|	|	|------ 61(3, 1)
|	|	|------ 54(4, 0)
|	|	|------ 54(4, 2)
|	|	|------ 54(4, 3)
|	|	|------ 57(4, 4)
|	|	|------ 63(5, 1)
|	|	|------ 54(5, 2)
|	|	|------ 50(5, 3)
|	|	|------ 50(5, 4)
|	|	|------ 52(6, 2)
|	|	|------ 50(6, 3)
|	|	|------ 50(6, 4)
|	|	|------ 60(6, 5)
|	|------ 63(5, 1)
|	|	|------ 54(3, 0)
|	|	|------ 61(3, 1)
|	|	|------ 54(4, 0)
|	|	|------ 56(4, 2)
|	|	|------ 54(4, 3)
|	|	|------ 57(4, 4)
|	|	|------ 63(5, 0)
|	|	|------ 56(5, 2)
|	|	|------ 50(5, 3)
|	|	|------ 50(5, 4)
|	|	|------ 54(6, 2)
|	|	|------ 50(6, 3)
|	|	|------ 50(6, 4)
|	|	|------ 60(6, 5)
|	|------ 63(5, 2)
|	|	|------ 56(3, 0)
|	|	|------ 63(3, 1)
|	|	|------ 54(4, 0)
|	|	|------ 58(4, 2)
|	|	|------ 58(4, 3)
|	|	|------ 59(4, 4)
|	|	|------ 56(5, 0)
|	|	|------ 58(5, 1)
|	|	|------ 54(5, 3)
|	|	|------ 52(5, 4)
|	|	|------ 56(6, 2)
|	|	|------ 54(6, 3)
|	|	|------ 52(6, 4)
|	|	|------ 62(6, 5)
|	|------ 65(5, 3)
|	|	|------ 58(3, 0)
|	|	|------ 65(3, 1)
|	|	|------ 56(4, 0)
|	|	|------ 60(4, 2)
|	|	|------ 60(4, 3)
|	|	|------ 63(4, 4)
|	|	|------ 56(5, 0)
|	|	|------ 56(5, 1)
|	|	|------ 58(5, 2)
|	|	|------ 56(5, 4)
|	|	|------ 56(6, 2)
|	|	|------ 56(6, 3)
|	|	|------ 56(6, 4)
|	|	|------ 64(6, 5)
|	|------ 68(5, 4)
|	|	|------ 54(3, 0)
|	|	|------ 61(3, 1)
|	|	|------ 52(4, 0)
|	|	|------ 54(4, 2)
|	|	|------ 56(4, 3)
|	|	|------ 68(4, 4)
|	|	|------ 52(5, 0)
|	|	|------ 52(5, 1)
|	|	|------ 52(5, 2)
|	|	|------ 52(5, 3)
|	|	|------ 50(6, 2)
|	|	|------ 52(6, 3)
|	|	|------ 54(6, 4)
|	|	|------ 64(6, 5)
|	|------ 63(6, 2)
|	|	|------ 56(3, 0)
|	|	|------ 63(3, 1)
|	|	|------ 54(4, 0)
|	|	|------ 56(4, 2)
|	|	|------ 56(4, 3)
|	|	|------ 59(4, 4)
|	|	|------ 56(5, 0)
|	|	|------ 58(5, 1)
|	|	|------ 58(5, 2)
|	|	|------ 54(5, 3)
|	|	|------ 52(5, 4)
|	|	|------ 54(6, 3)
|	|	|------ 52(6, 4)
|	|	|------ 62(6, 5)
|	|------ 65(6, 3)
|	|	|------ 58(3, 0)
|	|	|------ 65(3, 1)
|	|	|------ 56(4, 0)
|	|	|------ 58(4, 2)
|	|	|------ 58(4, 3)
|	|	|------ 61(4, 4)
|	|	|------ 56(5, 0)
|	|	|------ 56(5, 1)
|	|	|------ 58(5, 2)
|	|	|------ 56(5, 3)
|	|	|------ 56(5, 4)
|	|	|------ 56(6, 2)
|	|	|------ 56(6, 4)
|	|	|------ 64(6, 5)
|	|------ 66(6, 4)
|	|	|------ 56(3, 0)
|	|	|------ 63(3, 1)
|	|	|------ 54(4, 0)
|	|	|------ 56(4, 2)
|	|	|------ 56(4, 3)
|	|	|------ 61(4, 4)
|	|	|------ 54(5, 0)
|	|	|------ 54(5, 1)
|	|	|------ 54(5, 2)
|	|	|------ 54(5, 3)
|	|	|------ 56(5, 4)
|	|	|------ 52(6, 2)
|	|	|------ 54(6, 3)
|	|	|------ 66(6, 5)
|	|------ 49(6, 5)
|	|	|------ 42(3, 0)
|	|	|------ 49(3, 1)
|	|	|------ 40(4, 0)
|	|	|------ 42(4, 2)
|	|	|------ 42(4, 3)
|	|	|------ 47(4, 4)
|	|	|------ 40(5, 0)
|	|	|------ 40(5, 1)
|	|	|------ 40(5, 2)
|	|	|------ 38(5, 3)
|	|	|------ 42(5, 4)
|	|	|------ 38(6, 2)
|	|	|------ 38(6, 3)
|	|	|------ 42(6, 4)
|