62None
|------ 62(2, 5)
|	|------ 62(2, 6)
|	|	|------ 53(3, 5)
|	|	|------ 48(3, 6)
|	|	|------ 46(4, 5)
|	|	|------ 44(4, 6)
|	|	|------ 48(5, 5)
|	|	|------ 44(5, 6)
|	|	|------ 48(6, 0)
|	|	|------ 62(6, 1)
|	|	|------ 48(6, 5)
|	|	|------ 44(6, 6)
|	|------ 65(3, 5)
|	|	|------ 61(2, 6)
|	|	|------ 51(3, 6)
|	|	|------ 60(4, 5)
|	|	|------ 49(4, 6)
|	|	|------ 53(5, 5)
|	|	|------ 47(5, 6)
|	|	|------ 51(6, 0)
|	|	|------ 65(6, 1)
|	|	|------ 51(6, 5)
|	|	|------ 47(6, 6)
|	|------ 76(3, 6)
|	|	|------ 72(2, 6)
|	|	|------ 67(3, 5)
|	|	|------ 62(4, 5)
|	|	|------ 60(4, 6)
|	|	|------ 62(5, 5)
|	|	|------ 58(5, 6)
|	|	|------ 62(6, 0)
|	|	|------ 76(6, 1)
|	|	|------ 62(6, 5)
|	|	|------ 58(6, 6)
|	|------ 74(4, 5)
|	|	|------ 66(2, 6)
|	|	|------ 72(3, 5)
|	|	|------ 58(3, 6)
|	|	|------ 58(4, 6)
|	|	|------ 64(5, 5)
|	|	|------ 58(5, 6)
|	|	|------ 60(6, 0)
|	|	|------ 74(6, 1)
|	|	|------ 60(6, 5)
|	|	|------ 56(6, 6)
|	|------ 78(4, 6)
|	|	|------ 70(2, 6)
|	|	|------ 67(3, 5)
|	|	|------ 62(3, 6)
|	|	|------ 64(4, 5)
|	|	|------ 66(5, 5)
|	|	|------ 62(5, 6)
|	|	|------ 64(6, 0)
|	|	|------ 78(6, 1)
|	|	|------ 64(6, 5)
|	|	|------ 60(6, 6)
|	|------ 76(5, 5)
|	|	|------ 68(2, 6)
|	|	|------ 65(3, 5)
|	|	|------ 58(3, 6)
|	|	|------ 64(4, 5)
|	|	|------ 60(4, 6)
|	|	|------ 60(5, 6)
|	|	|------ 62(6, 0)
|	|	|------ 76(6, 1)
|	|	|------ 69(6, 5)
|	|	|------ 60(6, 6)
|	|------ 78(5, 6)
|	|	|------ 70(2, 6)
|	|	|------ 65(3, 5)
|	|	|------ 60(3, 6)
|	|	|------ 64(4, 5)
|	|	|------ 62(4, 6)
|	|	|------ 66(5, 5)
|	|	|------ 64(6, 0)
|	|	|------ 78(6, 1)
|	|	|------ 66(6, 5)
|	|	|------ 62(6, 6)
|	|------ 100(6, 0)
|	|	|------ 70(2, 6)
|	|	|------ 65(3, 5)
|	|	|------ 60(3, 6)
|	|	|------ 62(4, 5)
|	|	|------ 60(4, 6)
|	|	|------ 64(5, 5)
|	|	|------ 60(5, 6)
|	|	|------ 100(6, 1)
|	|	|------ 64(6, 5)
|	|	|------ 60(6, 6)
|	|------ 76(6, 1)
|	|	|------ 60(2, 6)
|	|	|------ 55(3, 5)
|	|	|------ 50(3, 6)
|	|	|------ 52(4, 5)
|	|	|------ 50(4, 6)
|	|	|------ 54(5, 5)
|	|	|------ 50(5, 6)
|	|	|------ 76(6, 0)
|	|	|------ 54(6, 5)
|	|	|------ 50(6, 6)
|	|------ 78(6, 5)
|	|	|------ 70(2, 6)
|	|	|------ 65(3, 5)
|	|	|------ 60(3, 6)
|	|	|------ 62(4, 5)
|	|	|------ 60(4, 6)
|	|	|------ 71(5, 5)
|	|	|------ 62(5, 6)
|	|	|------ 64(6, 0)
|	|	|------ 78(6, 1)
|	|	|------ 62(6, 6)
|	|------ 78(6, 6)
|	|	|------ 70(2, 6)
|	|	|------ 65(3, 5)
|	|	|------ 60(3, 6)
|	|	|------ 62(4, 5)
|	|	|------ 60(4, 6)
|	|	|------ 66(5, 5)
|	|	|------ 62(5, 6)
|	|	|------ 64(6, 0)
|	|	|------ 78(6, 1)
|	|	|------ 66(6, 5)
|------ 46(2, 6)
|	|------ 46(2, 5)
|	|	|------ 41(3, 5)
|	|	|------ 32(3, 6)
|	|	|------ 32(4, 5)
|	|	|------ 28(4, 6)
|	|	|------ 32(5, 5)
|	|	|------ 28(5, 6)
|	|	|------ 32(6, 0)
|	|	|------ 46(6, 1)
|	|	|------ 32(6, 5)
|	|	|------ 28(6, 6)
|	|------ 75(3, 5)
|	|	|------ 75(2, 5)
|	|	|------ 49(3, 6)
|	|	|------ 53(4, 5)
|	|	|------ 47(4, 6)
|	|	|------ 51(5, 5)
|	|	|------ 45(5, 6)
|	|	|------ 49(6, 0)
|	|	|------ 63(6, 1)
|	|	|------ 49(6, 5)
|	|	|------ 45(6, 6)
|	|------ 72(3, 6)
|	|	|------ 72(2, 5)
|	|	|------ 55(3, 5)
|	|	|------ 55(4, 5)
|	|	|------ 51(4, 6)
|	|	|------ 53(5, 5)
|	|	|------ 49(5, 6)
|	|	|------ 53(6, 0)
|	|	|------ 67(6, 1)
|	|	|------ 53(6, 5)
|	|	|------ 49(6, 6)
|	|------ 68(4, 5)
|	|	|------ 68(2, 5)
|	|	|------ 55(3, 5)
|	|	|------ 51(3, 6)
|	|	|------ 51(4, 6)
|	|	|------ 57(5, 5)
|	|	|------ 51(5, 6)
|	|	|------ 53(6, 0)
|	|	|------ 67(6, 1)
|	|	|------ 53(6, 5)
|	|	|------ 49(6, 6)
|	|------ 70(4, 6)
|	|	|------ 70(2, 5)
|	|	|------ 55(3, 5)
|	|	|------ 53(3, 6)
|	|	|------ 57(4, 5)
|	|	|------ 57(5, 5)
|	|	|------ 53(5, 6)
|	|	|------ 55(6, 0)
|	|	|------ 69(6, 1)
|	|	|------ 55(6, 5)
|	|	|------ 51(6, 6)
|	|------ 68(5, 5)
|	|	|------ 68(2, 5)
|	|	|------ 53(3, 5)
|	|	|------ 49(3, 6)
|	|	|------ 57(4, 5)
|	|	|------ 51(4, 6)
|	|	|------ 51(5, 6)
|	|	|------ 53(6, 0)
|	|	|------ 67(6, 1)
|	|	|------ 60(6, 5)
|	|	|------ 51(6, 6)
|	|------ 70(5, 6)
|	|	|------ 70(2, 5)
|	|	|------ 53(3, 5)
|	|	|------ 51(3, 6)
|	|	|------ 57(4, 5)
|	|	|------ 53(4, 6)
|	|	|------ 57(5, 5)
|	|	|------ 55(6, 0)
|	|	|------ 69(6, 1)
|	|	|------ 57(6, 5)
|	|	|------ 53(6, 6)
|	|------ 91(6, 0)
|	|	|------ 70(2, 5)
|	|	|------ 53(3, 5)
|	|	|------ 51(3, 6)
|	|	|------ 55(4, 5)
|	|	|------ 51(4, 6)
|	|	|------ 55(5, 5)
|	|	|------ 51(5, 6)
|	|	|------ 91(6, 1)
|	|	|------ 55(6, 5)
|	|	|------ 51(6, 6)
|	|------ 67(6, 1)
|	|	|------ 60(2, 5)
|	|	|------ 43(3, 5)
|	|	|------ 41(3, 6)
|	|	|------ 45(4, 5)
|	|	|------ 41(4, 6)
|	|	|------ 45(5, 5)
|	|	|------ 41(5, 6)
|	|	|------ 67(6, 0)
|	|	|------ 45(6, 5)
|	|	|------ 41(6, 6)
|	|------ 70(6, 5)
|	|	|------ 70(2, 5)
|	|	|------ 53(3, 5)
|	|	|------ 51(3, 6)
|	|	|------ 55(4, 5)
|	|	|------ 51(4, 6)
|	|	|------ 62(5, 5)
|	|	|------ 53(5, 6)
|	|	|------ 55(6, 0)
|	|	|------ 69(6, 1)
|	|	|------ 53(6, 6)
|	|------ 70(6, 6)
|	|	|------ 70(2, 5)
|	|	|------ 53(3, 5)
|	|	|------ 51(3, 6)
|	|	|------ 55(4, 5)
|	|	|------ 51(4, 6)
|	|	|------ 57(5, 5)
|	|	|------ 53(5, 6)
|	|	|------ 55(6, 0)
|	|	|------ 69(6, 1)
|	|	|------ 57(6, 5)
|------ 51(3, 5)
|	|------ 51(2, 5)
|	|	|------ 51(2, 6)
|	|	|------ 37(3, 6)
|	|	|------ 44(4, 5)
|	|	|------ 35(4, 6)
|	|	|------ 37(5, 5)
|	|	|------ 33(5, 6)
|	|	|------ 37(6, 0)
|	|	|------ 51(6, 1)
|	|	|------ 37(6, 5)
|	|	|------ 33(6, 6)
|	|------ 77(2, 6)
|	|	|------ 77(2, 5)
|	|	|------ 51(3, 6)
|	|	|------ 51(4, 5)
|	|	|------ 49(4, 6)
|	|	|------ 51(5, 5)
|	|	|------ 47(5, 6)
|	|	|------ 51(6, 0)
|	|	|------ 65(6, 1)
|	|	|------ 51(6, 5)
|	|	|------ 47(6, 6)
|	|------ 69(3, 6)
|	|	|------ 67(2, 5)
|	|	|------ 55(2, 6)
|	|	|------ 57(4, 5)
|	|	|------ 55(4, 6)
|	|	|------ 55(5, 5)
|	|	|------ 51(5, 6)
|	|	|------ 55(6, 0)
|	|	|------ 69(6, 1)
|	|	|------ 55(6, 5)
|	|	|------ 51(6, 6)
|	|------ 68(4, 5)
|	|	|------ 68(2, 5)
|	|	|------ 49(2, 6)
|	|	|------ 51(3, 6)
|	|	|------ 51(4, 6)
|	|	|------ 60(5, 5)
|	|	|------ 49(5, 6)
|	|	|------ 51(6, 0)
|	|	|------ 65(6, 1)
|	|	|------ 51(6, 5)
|	|	|------ 47(6, 6)
|	|------ 69(4, 6)
|	|	|------ 65(2, 5)
|	|	|------ 53(2, 6)
|	|	|------ 55(3, 6)
|	|	|------ 57(4, 5)
|	|	|------ 57(5, 5)
|	|	|------ 53(5, 6)
|	|	|------ 55(6, 0)
|	|	|------ 69(6, 1)
|	|	|------ 55(6, 5)
|	|	|------ 51(6, 6)
|	|------ 69(5, 5)
|	|	|------ 63(2, 5)
|	|	|------ 51(2, 6)
|	|	|------ 51(3, 6)
|	|	|------ 62(4, 5)
|	|	|------ 53(4, 6)
|	|	|------ 53(5, 6)
|	|	|------ 55(6, 0)
|	|	|------ 69(6, 1)
|	|	|------ 62(6, 5)
|	|	|------ 53(6, 6)
|	|------ 71(5, 6)
|	|	|------ 65(2, 5)
|	|	|------ 53(2, 6)
|	|	|------ 53(3, 6)
|	|	|------ 57(4, 5)
|	|	|------ 55(4, 6)
|	|	|------ 59(5, 5)
|	|	|------ 57(6, 0)
|	|	|------ 71(6, 1)
|	|	|------ 59(6, 5)
|	|	|------ 55(6, 6)
|	|------ 93(6, 0)
|	|	|------ 65(2, 5)
|	|	|------ 53(2, 6)
|	|	|------ 53(3, 6)
|	|	|------ 55(4, 5)
|	|	|------ 53(4, 6)
|	|	|------ 57(5, 5)
|	|	|------ 53(5, 6)
|	|	|------ 93(6, 1)
|	|	|------ 57(6, 5)
|	|	|------ 53(6, 6)
|	|------ 69(6, 1)
|	|	|------ 55(2, 5)
|	|	|------ 43(2, 6)
|	|	|------ 43(3, 6)
|	|	|------ 45(4, 5)
|	|	|------ 43(4, 6)
|	|	|------ 47(5, 5)
|	|	|------ 43(5, 6)
|	|	|------ 69(6, 0)
|	|	|------ 47(6, 5)
|	|	|------ 43(6, 6)
|	|------ 71(6, 5)
|	|	|------ 65(2, 5)
|	|	|------ 53(2, 6)
|	|	|------ 53(3, 6)
|	|	|------ 55(4, 5)
|	|	|------ 53(4, 6)
|	|	|------ 64(5, 5)
|	|	|------ 55(5, 6)
|	|	|------ 57(6, 0)
|	|	|------ 71(6, 1)
|	|	|------ 55(6, 6)
|	|------ 71(6, 6)
|	|	|------ 65(2, 5)
|	|	|------ 53(2, 6)
|	|	|------ 53(3, 6)
|	|	|------ 55(4, 5)
|	|	|------ 53(4, 6)
|	|	|------ 59(5, 5)
|	|	|------ 55(5, 6)
|	|	|------ 57(6, 0)
|	|	|------ 71(6, 1)
|	|	|------ 59(6, 5)
|------ 56(3, 6)
|	|------ 56(2, 5)
|	|	|------ 56(2, 6)
|	|	|------ 51(3, 5)
|	|	|------ 44(4, 5)
|	|	|------ 40(4, 6)
|	|	|------ 42(5, 5)
|	|	|------ 38(5, 6)
|	|	|------ 42(6, 0)
|	|	|------ 56(6, 1)
|	|	|------ 42(6, 5)
|	|	|------ 38(6, 6)
|	|------ 72(2, 6)
|	|	|------ 72(2, 5)
|	|	|------ 51(3, 5)
|	|	|------ 51(4, 5)
|	|	|------ 47(4, 6)
|	|	|------ 49(5, 5)
|	|	|------ 45(5, 6)
|	|	|------ 49(6, 0)
|	|	|------ 63(6, 1)
|	|	|------ 49(6, 5)
|	|	|------ 45(6, 6)
|	|------ 65(3, 5)
|	|	|------ 65(2, 5)
|	|	|------ 49(2, 6)
|	|	|------ 55(4, 5)
|	|	|------ 49(4, 6)
|	|	|------ 51(5, 5)
|	|	|------ 45(5, 6)
|	|	|------ 49(6, 0)
|	|	|------ 63(6, 1)
|	|	|------ 49(6, 5)
|	|	|------ 45(6, 6)
|	|------ 65(4, 5)
|	|	|------ 58(2, 5)
|	|	|------ 49(2, 6)
|	|	|------ 55(3, 5)
|	|	|------ 51(4, 6)
|	|	|------ 55(5, 5)
|	|	|------ 49(5, 6)
|	|	|------ 51(6, 0)
|	|	|------ 65(6, 1)
|	|	|------ 51(6, 5)
|	|	|------ 47(6, 6)
|	|------ 67(4, 6)
|	|	|------ 60(2, 5)
|	|	|------ 51(2, 6)
|	|	|------ 55(3, 5)
|	|	|------ 57(4, 5)
|	|	|------ 55(5, 5)
|	|	|------ 51(5, 6)
|	|	|------ 53(6, 0)
|	|	|------ 67(6, 1)
|	|	|------ 53(6, 5)
|	|	|------ 49(6, 6)
|	|------ 67(5, 5)
|	|	|------ 58(2, 5)
|	|	|------ 49(2, 6)
|	|	|------ 53(3, 5)
|	|	|------ 57(4, 5)
|	|	|------ 51(4, 6)
|	|	|------ 51(5, 6)
|	|	|------ 53(6, 0)
|	|	|------ 67(6, 1)
|	|	|------ 60(6, 5)
|	|	|------ 51(6, 6)
|	|------ 69(5, 6)
|	|	|------ 60(2, 5)
|	|	|------ 51(2, 6)
|	|	|------ 53(3, 5)
|	|	|------ 57(4, 5)
|	|	|------ 53(4, 6)
|	|	|------ 57(5, 5)
|	|	|------ 55(6, 0)
|	|	|------ 69(6, 1)
|	|	|------ 57(6, 5)
|	|	|------ 53(6, 6)
|	|------ 91(6, 0)
|	|	|------ 60(2, 5)
|	|	|------ 51(2, 6)
|	|	|------ 53(3, 5)
|	|	|------ 55(4, 5)
|	|	|------ 51(4, 6)
|	|	|------ 55(5, 5)
|	|	|------ 51(5, 6)
|	|	|------ 91(6, 1)
|	|	|------ 55(6, 5)
|	|	|------ 51(6, 6)
|	|------ 67(6, 1)
|	|	|------ 50(2, 5)
|	|	|------ 41(2, 6)
|	|	|------ 43(3, 5)
|	|	|------ 45(4, 5)
|	|	|------ 41(4, 6)
|	|	|------ 45(5, 5)
|	|	|------ 41(5, 6)
|	|	|------ 67(6, 0)
|	|	|------ 45(6, 5)
|	|	|------ 41(6, 6)
|	|------ 69(6, 5)
|	|	|------ 60(2, 5)
|	|	|------ 51(2, 6)
|	|	|------ 53(3, 5)
|	|	|------ 55(4, 5)
|	|	|------ 51(4, 6)
|	|	|------ 62(5, 5)
|	|	|------ 53(5, 6)
|	|	|------ 55(6, 0)
|	|	|------ 69(6, 1)
|	|	|------ 53(6, 6)
|	|------ 69(6, 6)
|	|	|------ 60(2, 5)
|	|	|------ 51(2, 6)
|	|	|------ 53(3, 5)
|	|	|------ 55(4, 5)
|	|	|------ 51(4, 6)
|	|	|------ 57(5, 5)
|	|	|------ 53(5, 6)
|	|	|------ 55(6, 0)
|	|	|------ 69(6, 1)
|	|	|------ 57(6, 5)
|------ 60(4, 5)
|	|------ 60(2, 5)
|	|	|------ 58(2, 6)
|	|	|------ 58(3, 5)
|	|	|------ 44(3, 6)
|	|	|------ 42(4, 6)
|	|	|------ 44(5, 5)
|	|	|------ 42(5, 6)
|	|	|------ 46(6, 0)
|	|	|------ 60(6, 1)
|	|	|------ 44(6, 5)
|	|	|------ 42(6, 6)
|	|------ 74(2, 6)
|	|	|------ 74(2, 5)
|	|	|------ 53(3, 5)
|	|	|------ 53(3, 6)
|	|	|------ 51(4, 6)
|	|	|------ 53(5, 5)
|	|	|------ 51(5, 6)
|	|	|------ 55(6, 0)
|	|	|------ 69(6, 1)
|	|	|------ 53(6, 5)
|	|	|------ 51(6, 6)
|	|------ 70(3, 5)
|	|	|------ 70(2, 5)
|	|	|------ 49(2, 6)
|	|	|------ 51(3, 6)
|	|	|------ 51(4, 6)
|	|	|------ 58(5, 5)
|	|	|------ 49(5, 6)
|	|	|------ 51(6, 0)
|	|	|------ 65(6, 1)
|	|	|------ 49(6, 5)
|	|	|------ 47(6, 6)
|	|------ 71(3, 6)
|	|	|------ 62(2, 5)
|	|	|------ 55(2, 6)
|	|	|------ 57(3, 5)
|	|	|------ 57(4, 6)
|	|	|------ 57(5, 5)
|	|	|------ 55(5, 6)
|	|	|------ 57(6, 0)
|	|	|------ 71(6, 1)
|	|	|------ 55(6, 5)
|	|	|------ 53(6, 6)
|	|------ 71(4, 6)
|	|	|------ 60(2, 5)
|	|	|------ 53(2, 6)
|	|	|------ 57(3, 5)
|	|	|------ 57(3, 6)
|	|	|------ 59(5, 5)
|	|	|------ 57(5, 6)
|	|	|------ 57(6, 0)
|	|	|------ 71(6, 1)
|	|	|------ 55(6, 5)
|	|	|------ 53(6, 6)
|	|------ 67(5, 5)
|	|	|------ 56(2, 5)
|	|	|------ 49(2, 6)
|	|	|------ 58(3, 5)
|	|	|------ 51(3, 6)
|	|	|------ 53(4, 6)
|	|	|------ 53(5, 6)
|	|	|------ 53(6, 0)
|	|	|------ 67(6, 1)
|	|	|------ 65(6, 5)
|	|	|------ 51(6, 6)
|	|------ 71(5, 6)
|	|	|------ 60(2, 5)
|	|	|------ 53(2, 6)
|	|	|------ 55(3, 5)
|	|	|------ 55(3, 6)
|	|	|------ 57(4, 6)
|	|	|------ 59(5, 5)
|	|	|------ 57(6, 0)
|	|	|------ 71(6, 1)
|	|	|------ 57(6, 5)
|	|	|------ 55(6, 6)
|	|------ 95(6, 0)
|	|	|------ 62(2, 5)
|	|	|------ 55(2, 6)
|	|	|------ 55(3, 5)
|	|	|------ 55(3, 6)
|	|	|------ 55(4, 6)
|	|	|------ 57(5, 5)
|	|	|------ 55(5, 6)
|	|	|------ 95(6, 1)
|	|	|------ 57(6, 5)
|	|	|------ 55(6, 6)
|	|------ 71(6, 1)
|	|	|------ 52(2, 5)
|	|	|------ 45(2, 6)
|	|	|------ 45(3, 5)
|	|	|------ 45(3, 6)
|	|	|------ 45(4, 6)
|	|	|------ 47(5, 5)
|	|	|------ 45(5, 6)
|	|	|------ 71(6, 0)
|	|	|------ 47(6, 5)
|	|	|------ 45(6, 6)
|	|------ 71(6, 5)
|	|	|------ 60(2, 5)
|	|	|------ 53(2, 6)
|	|	|------ 53(3, 5)
|	|	|------ 53(3, 6)
|	|	|------ 53(4, 6)
|	|	|------ 69(5, 5)
|	|	|------ 55(5, 6)
|	|	|------ 57(6, 0)
|	|	|------ 71(6, 1)
|	|	|------ 55(6, 6)
|	|------ 73(6, 6)
|	|	|------ 62(2, 5)
|	|	|------ 55(2, 6)
|	|	|------ 55(3, 5)
|	|	|------ 55(3, 6)
|	|	|------ 55(4, 6)
|	|	|------ 59(5, 5)
|	|	|------ 57(5, 6)
|	|	|------ 59(6, 0)
|	|	|------ 73(6, 1)
|	|	|------ 59(6, 5)
|------ 58(4, 6)
|	|------ 58(2, 5)
|	|	|------ 56(2, 6)
|	|	|------ 51(3, 5)
|	|	|------ 42(3, 6)
|	|	|------ 44(4, 5)
|	|	|------ 44(5, 5)
|	|	|------ 40(5, 6)
|	|	|------ 44(6, 0)
|	|	|------ 58(6, 1)
|	|	|------ 44(6, 5)
|	|	|------ 40(6, 6)
|	|------ 72(2, 6)
|	|	|------ 72(2, 5)
|	|	|------ 51(3, 5)
|	|	|------ 49(3, 6)
|	|	|------ 51(4, 5)
|	|	|------ 51(5, 5)
|	|	|------ 47(5, 6)
|	|	|------ 51(6, 0)
|	|	|------ 65(6, 1)
|	|	|------ 51(6, 5)
|	|	|------ 47(6, 6)
|	|------ 63(3, 5)
|	|	|------ 63(2, 5)
|	|	|------ 47(2, 6)
|	|	|------ 49(3, 6)
|	|	|------ 55(4, 5)
|	|	|------ 53(5, 5)
|	|	|------ 47(5, 6)
|	|	|------ 49(6, 0)
|	|	|------ 63(6, 1)
|	|	|------ 49(6, 5)
|	|	|------ 45(6, 6)
|	|------ 67(3, 6)
|	|	|------ 60(2, 5)
|	|	|------ 51(2, 6)
|	|	|------ 55(3, 5)
|	|	|------ 57(4, 5)
|	|	|------ 55(5, 5)
|	|	|------ 51(5, 6)
|	|	|------ 53(6, 0)
|	|	|------ 67(6, 1)
|	|	|------ 53(6, 5)
|	|	|------ 49(6, 6)
|	|------ 65(4, 5)
|	|	|------ 56(2, 5)
|	|	|------ 47(2, 6)
|	|	|------ 55(3, 5)
|	|	|------ 51(3, 6)
|	|	|------ 57(5, 5)
|	|	|------ 51(5, 6)
|	|	|------ 51(6, 0)
|	|	|------ 65(6, 1)
|	|	|------ 51(6, 5)
|	|	|------ 47(6, 6)
|	|------ 65(5, 5)
|	|	|------ 56(2, 5)
|	|	|------ 47(2, 6)
|	|	|------ 53(3, 5)
|	|	|------ 49(3, 6)
|	|	|------ 57(4, 5)
|	|	|------ 51(5, 6)
|	|	|------ 51(6, 0)
|	|	|------ 65(6, 1)
|	|	|------ 58(6, 5)
|	|	|------ 49(6, 6)
|	|------ 67(5, 6)
|	|	|------ 58(2, 5)
|	|	|------ 49(2, 6)
|	|	|------ 53(3, 5)
|	|	|------ 51(3, 6)
|	|	|------ 57(4, 5)
|	|	|------ 57(5, 5)
|	|	|------ 53(6, 0)
|	|	|------ 67(6, 1)
|	|	|------ 55(6, 5)
|	|	|------ 51(6, 6)
|	|------ 91(6, 0)
|	|	|------ 60(2, 5)
|	|	|------ 51(2, 6)
|	|	|------ 53(3, 5)
|	|	|------ 51(3, 6)
|	|	|------ 55(4, 5)
|	|	|------ 55(5, 5)
|	|	|------ 51(5, 6)
|	|	|------ 91(6, 1)
|	|	|------ 55(6, 5)
|	|	|------ 51(6, 6)
|	|------ 67(6, 1)
|	|	|------ 50(2, 5)
|	|	|------ 41(2, 6)
|	|	|------ 43(3, 5)
|	|	|------ 41(3, 6)
|	|	|------ 45(4, 5)
|	|	|------ 45(5, 5)
|	|	|------ 41(5, 6)
|	|	|------ 67(6, 0)
|	|	|------ 45(6, 5)
|	|	|------ 41(6, 6)
|	|------ 69(6, 5)
|	|	|------ 60(2, 5)
|	|	|------ 51(2, 6)
|	|	|------ 53(3, 5)
|	|	|------ 51(3, 6)
|	|	|------ 55(4, 5)
|	|	|------ 62(5, 5)
|	|	|------ 53(5, 6)
|	|	|------ 55(6, 0)
|	|	|------ 69(6, 1)
|	|	|------ 53(6, 6)
|	|------ 69(6, 6)
|	|	|------ 60(2, 5)
|	|	|------ 51(2, 6)
|	|	|------ 53(3, 5)
|	|	|------ 51(3, 6)
|	|	|------ 55(4, 5)
|	|	|------ 57(5, 5)
|	|	|------ 53(5, 6)
|	|	|------ 55(6, 0)
|	|	|------ 69(6, 1)
|	|	|------ 57(6, 5)
|------ 62(5, 5)
|	|------ 62(2, 5)
|	|	|------ 60(2, 6)
|	|	|------ 55(3, 5)
|	|	|------ 46(3, 6)
|	|	|------ 46(4, 5)
|	|	|------ 44(4, 6)
|	|	|------ 44(5, 6)
|	|	|------ 48(6, 0)
|	|	|------ 62(6, 1)
|	|	|------ 49(6, 5)
|	|	|------ 44(6, 6)
|	|------ 76(2, 6)
|	|	|------ 76(2, 5)
|	|	|------ 55(3, 5)
|	|	|------ 53(3, 6)
|	|	|------ 53(4, 5)
|	|	|------ 51(4, 6)
|	|	|------ 51(5, 6)
|	|	|------ 55(6, 0)
|	|	|------ 69(6, 1)
|	|	|------ 56(6, 5)
|	|	|------ 51(6, 6)
|	|------ 69(3, 5)
|	|	|------ 69(2, 5)
|	|	|------ 53(2, 6)
|	|	|------ 53(3, 6)
|	|	|------ 62(4, 5)
|	|	|------ 53(4, 6)
|	|	|------ 51(5, 6)
|	|	|------ 55(6, 0)
|	|	|------ 69(6, 1)
|	|	|------ 56(6, 5)
|	|	|------ 51(6, 6)
|	|------ 73(3, 6)
|	|	|------ 66(2, 5)
|	|	|------ 57(2, 6)
|	|	|------ 59(3, 5)
|	|	|------ 59(4, 5)
|	|	|------ 57(4, 6)
|	|	|------ 55(5, 6)
|	|	|------ 59(6, 0)
|	|	|------ 73(6, 1)
|	|	|------ 60(6, 5)
|	|	|------ 55(6, 6)
|	|------ 67(4, 5)
|	|	|------ 58(2, 5)
|	|	|------ 49(2, 6)
|	|	|------ 60(3, 5)
|	|	|------ 51(3, 6)
|	|	|------ 53(4, 6)
|	|	|------ 53(5, 6)
|	|	|------ 53(6, 0)
|	|	|------ 67(6, 1)
|	|	|------ 63(6, 5)
|	|	|------ 51(6, 6)
|	|------ 71(4, 6)
|	|	|------ 62(2, 5)
|	|	|------ 53(2, 6)
|	|	|------ 57(3, 5)
|	|	|------ 55(3, 6)
|	|	|------ 59(4, 5)
|	|	|------ 57(5, 6)
|	|	|------ 57(6, 0)
|	|	|------ 71(6, 1)
|	|	|------ 60(6, 5)
|	|	|------ 55(6, 6)
|	|------ 71(5, 6)
|	|	|------ 62(2, 5)
|	|	|------ 53(2, 6)
|	|	|------ 55(3, 5)
|	|	|------ 53(3, 6)
|	|	|------ 59(4, 5)
|	|	|------ 57(4, 6)
|	|	|------ 57(6, 0)
|	|	|------ 71(6, 1)
|	|	|------ 62(6, 5)
|	|	|------ 57(6, 6)
|	|------ 95(6, 0)
|	|	|------ 64(2, 5)
|	|	|------ 55(2, 6)
|	|	|------ 57(3, 5)
|	|	|------ 55(3, 6)
|	|	|------ 57(4, 5)
|	|	|------ 55(4, 6)
|	|	|------ 55(5, 6)
|	|	|------ 95(6, 1)
|	|	|------ 60(6, 5)
|	|	|------ 55(6, 6)
|	|------ 71(6, 1)
|	|	|------ 54(2, 5)
|	|	|------ 45(2, 6)
|	|	|------ 47(3, 5)
|	|	|------ 45(3, 6)
|	|	|------ 47(4, 5)
|	|	|------ 45(4, 6)
|	|	|------ 45(5, 6)
|	|	|------ 71(6, 0)
|	|	|------ 50(6, 5)
|	|	|------ 45(6, 6)
|	|------ 62(6, 5)
|	|	|------ 53(2, 5)
|	|	|------ 44(2, 6)
|	|	|------ 46(3, 5)
|	|	|------ 44(3, 6)
|	|	|------ 55(4, 5)
|	|	|------ 46(4, 6)
|	|	|------ 48(5, 6)
|	|	|------ 48(6, 0)
|	|	|------ 62(6, 1)
|	|	|------ 48(6, 6)
|	|------ 71(6, 6)
|	|	|------ 62(2, 5)
|	|	|------ 53(2, 6)
|	|	|------ 55(3, 5)
|	|	|------ 53(3, 6)
|	|	|------ 57(4, 5)
|	|	|------ 55(4, 6)
|	|	|------ 57(5, 6)
|	|	|------ 57(6, 0)
|	|	|------ 71(6, 1)
|	|	|------ 62(6, 5)
|------ 58(5, 6)
|	|------ 58(2, 5)
|	|	|------ 56(2, 6)
|	|	|------ 51(3, 5)
|	|	|------ 42(3, 6)
|	|	|------ 44(4, 5)
|	|	|------ 40(4, 6)
|	|	|------ 44(5, 5)
|	|	|------ 44(6, 0)
|	|	|------ 58(6, 1)
|	|	|------ 44(6, 5)
|	|	|------ 40(6, 6)
|	|------ 72(2, 6)
|	|	|------ 72(2, 5)
|	|	|------ 51(3, 5)
|	|	|------ 49(3, 6)
|	|	|------ 51(4, 5)
|	|	|------ 47(4, 6)
|	|	|------ 51(5, 5)
|	|	|------ 51(6, 0)
|	|	|------ 65(6, 1)
|	|	|------ 51(6, 5)
|	|	|------ 47(6, 6)
|	|------ 65(3, 5)
|	|	|------ 65(2, 5)
|	|	|------ 49(2, 6)
|	|	|------ 49(3, 6)
|	|	|------ 55(4, 5)
|	|	|------ 49(4, 6)
|	|	|------ 53(5, 5)
|	|	|------ 51(6, 0)
|	|	|------ 65(6, 1)
|	|	|------ 51(6, 5)
|	|	|------ 47(6, 6)
|	|------ 69(3, 6)
|	|	|------ 62(2, 5)
|	|	|------ 53(2, 6)
|	|	|------ 55(3, 5)
|	|	|------ 57(4, 5)
|	|	|------ 53(4, 6)
|	|	|------ 55(5, 5)
|	|	|------ 55(6, 0)
|	|	|------ 69(6, 1)
|	|	|------ 55(6, 5)
|	|	|------ 51(6, 6)
|	|------ 65(4, 5)
|	|	|------ 56(2, 5)
|	|	|------ 47(2, 6)
|	|	|------ 53(3, 5)
|	|	|------ 49(3, 6)
|	|	|------ 51(4, 6)
|	|	|------ 57(5, 5)
|	|	|------ 51(6, 0)
|	|	|------ 65(6, 1)
|	|	|------ 53(6, 5)
|	|	|------ 49(6, 6)
|	|------ 67(4, 6)
|	|	|------ 58(2, 5)
|	|	|------ 49(2, 6)
|	|	|------ 53(3, 5)
|	|	|------ 51(3, 6)
|	|	|------ 57(4, 5)
|	|	|------ 57(5, 5)
|	|	|------ 53(6, 0)
|	|	|------ 67(6, 1)
|	|	|------ 55(6, 5)
|	|	|------ 51(6, 6)
|	|------ 65(5, 5)
|	|	|------ 56(2, 5)
|	|	|------ 47(2, 6)
|	|	|------ 51(3, 5)
|	|	|------ 47(3, 6)
|	|	|------ 57(4, 5)
|	|	|------ 51(4, 6)
|	|	|------ 51(6, 0)
|	|	|------ 65(6, 1)
|	|	|------ 60(6, 5)
|	|	|------ 51(6, 6)
|	|------ 91(6, 0)
|	|	|------ 60(2, 5)
|	|	|------ 51(2, 6)
|	|	|------ 53(3, 5)
|	|	|------ 51(3, 6)
|	|	|------ 55(4, 5)
|	|	|------ 51(4, 6)
|	|	|------ 55(5, 5)
|	|	|------ 91(6, 1)
|	|	|------ 55(6, 5)
|	|	|------ 51(6, 6)
|	|------ 67(6, 1)
|	|	|------ 50(2, 5)
|	|	|------ 41(2, 6)
|	|	|------ 43(3, 5)
|	|	|------ 41(3, 6)
|	|	|------ 45(4, 5)
|	|	|------ 41(4, 6)
|	|	|------ 45(5, 5)
|	|	|------ 67(6, 0)
|	|	|------ 45(6, 5)
|	|	|------ 41(6, 6)
|	|------ 67(6, 5)
|	|	|------ 58(2, 5)
|	|	|------ 49(2, 6)
|	|	|------ 51(3, 5)
|	|	|------ 49(3, 6)
|	|	|------ 55(4, 5)
|	|	|------ 51(4, 6)
|	|	|------ 62(5, 5)
|	|	|------ 53(6, 0)
|	|	|------ 67(6, 1)
|	|	|------ 53(6, 6)
|	|------ 67(6, 6)
|	|	|------ 58(2, 5)
|	|	|------ 49(2, 6)
|	|	|------ 51(3, 5)
|	|	|------ 49(3, 6)
|	|	|------ 55(4, 5)
|	|	|------ 51(4, 6)
|	|	|------ 57(5, 5)
|	|	|------ 53(6, 0)
|	|	|------ 67(6, 1)
|	|	|------ 57(6, 5)
|------ 28(6, 0)
|	|------ 78(2, 5)
|	|	|------ 60(2, 6)
|	|	|------ 55(3, 5)
|	|	|------ 46(3, 6)
|	|	|------ 48(4, 5)
|	|	|------ 44(4, 6)
|	|	|------ 48(5, 5)
|	|	|------ 44(5, 6)
|	|	|------ 78(6, 1)
|	|	|------ 48(6, 5)
|	|	|------ 44(6, 6)
|	|------ 85(2, 6)
|	|	|------ 76(2, 5)
|	|	|------ 55(3, 5)
|	|	|------ 53(3, 6)
|	|	|------ 55(4, 5)
|	|	|------ 51(4, 6)
|	|	|------ 55(5, 5)
|	|	|------ 51(5, 6)
|	|	|------ 85(6, 1)
|	|	|------ 55(6, 5)
|	|	|------ 51(6, 6)
|	|------ 85(3, 5)
|	|	|------ 69(2, 5)
|	|	|------ 53(2, 6)
|	|	|------ 53(3, 6)
|	|	|------ 59(4, 5)
|	|	|------ 53(4, 6)
|	|	|------ 57(5, 5)
|	|	|------ 51(5, 6)
|	|	|------ 85(6, 1)
|	|	|------ 55(6, 5)
|	|	|------ 51(6, 6)
|	|------ 89(3, 6)
|	|	|------ 66(2, 5)
|	|	|------ 57(2, 6)
|	|	|------ 59(3, 5)
|	|	|------ 61(4, 5)
|	|	|------ 57(4, 6)
|	|	|------ 59(5, 5)
|	|	|------ 55(5, 6)
|	|	|------ 89(6, 1)
|	|	|------ 59(6, 5)
|	|	|------ 55(6, 6)
|	|------ 87(4, 5)
|	|	|------ 62(2, 5)
|	|	|------ 53(2, 6)
|	|	|------ 59(3, 5)
|	|	|------ 55(3, 6)
|	|	|------ 55(4, 6)
|	|	|------ 61(5, 5)
|	|	|------ 55(5, 6)
|	|	|------ 87(6, 1)
|	|	|------ 57(6, 5)
|	|	|------ 53(6, 6)
|	|------ 89(4, 6)
|	|	|------ 64(2, 5)
|	|	|------ 55(2, 6)
|	|	|------ 59(3, 5)
|	|	|------ 57(3, 6)
|	|	|------ 61(4, 5)
|	|	|------ 61(5, 5)
|	|	|------ 57(5, 6)
|	|	|------ 89(6, 1)
|	|	|------ 59(6, 5)
|	|	|------ 55(6, 6)
|	|------ 87(5, 5)
|	|	|------ 62(2, 5)
|	|	|------ 53(2, 6)
|	|	|------ 57(3, 5)
|	|	|------ 53(3, 6)
|	|	|------ 61(4, 5)
|	|	|------ 55(4, 6)
|	|	|------ 55(5, 6)
|	|	|------ 87(6, 1)
|	|	|------ 64(6, 5)
|	|	|------ 55(6, 6)
|	|------ 89(5, 6)
|	|	|------ 64(2, 5)
|	|	|------ 55(2, 6)
|	|	|------ 57(3, 5)
|	|	|------ 55(3, 6)
|	|	|------ 61(4, 5)
|	|	|------ 57(4, 6)
|	|	|------ 61(5, 5)
|	|	|------ 89(6, 1)
|	|	|------ 61(6, 5)
|	|	|------ 57(6, 6)
|	|------ 28(6, 1)
|	|	|------ 28(2, 5)
|	|	|------ 19(2, 6)
|	|	|------ 21(3, 5)
|	|	|------ 19(3, 6)
|	|	|------ 23(4, 5)
|	|	|------ 19(4, 6)
|	|	|------ 23(5, 5)
|	|	|------ 19(5, 6)
|	|	|------ 23(6, 5)
|	|	|------ 19(6, 6)
|	|------ 89(6, 5)
|	|	|------ 64(2, 5)
|	|	|------ 55(2, 6)
|	|	|------ 57(3, 5)
|	|	|------ 55(3, 6)
|	|	|------ 59(4, 5)
|	|	|------ 55(4, 6)
|	|	|------ 66(5, 5)
|	|	|------ 57(5, 6)
|	|	|------ 89(6, 1)
|	|	|------ 57(6, 6)
|	|------ 89(6, 6)
|	|	|------ 64(2, 5)
|	|	|------ 55(2, 6)
|	|	|------ 57(3, 5)
|	|	|------ 55(3, 6)
|	|	|------ 59(4, 5)
|	|	|------ 55(4, 6)
|	|	|------ 61(5, 5)
|	|	|------ 57(5, 6)
|	|	|------ 89(6, 1)
|	|	|------ 61(6, 5)
|------ 52(6, 1)
|	|------ 78(2, 5)
|	|	|------ 74(2, 6)
|	|	|------ 69(3, 5)
|	|	|------ 60(3, 6)
|	|	|------ 62(4, 5)
|	|	|------ 58(4, 6)
|	|	|------ 62(5, 5)
|	|	|------ 58(5, 6)
|	|	|------ 78(6, 0)
|	|	|------ 62(6, 5)
|	|	|------ 58(6, 6)
|	|------ 90(2, 6)
|	|	|------ 90(2, 5)
|	|	|------ 69(3, 5)
|	|	|------ 67(3, 6)
|	|	|------ 69(4, 5)
|	|	|------ 65(4, 6)
|	|	|------ 69(5, 5)
|	|	|------ 65(5, 6)
|	|	|------ 85(6, 0)
|	|	|------ 69(6, 5)
|	|	|------ 65(6, 6)
|	|------ 85(3, 5)
|	|	|------ 83(2, 5)
|	|	|------ 67(2, 6)
|	|	|------ 67(3, 6)
|	|	|------ 73(4, 5)
|	|	|------ 67(4, 6)
|	|	|------ 71(5, 5)
|	|	|------ 65(5, 6)
|	|	|------ 85(6, 0)
|	|	|------ 69(6, 5)
|	|	|------ 65(6, 6)
|	|------ 89(3, 6)
|	|	|------ 80(2, 5)
|	|	|------ 71(2, 6)
|	|	|------ 73(3, 5)
|	|	|------ 75(4, 5)
|	|	|------ 71(4, 6)
|	|	|------ 73(5, 5)
|	|	|------ 69(5, 6)
|	|	|------ 89(6, 0)
|	|	|------ 73(6, 5)
|	|	|------ 69(6, 6)
|	|------ 87(4, 5)
|	|	|------ 76(2, 5)
|	|	|------ 67(2, 6)
|	|	|------ 73(3, 5)
|	|	|------ 69(3, 6)
|	|	|------ 69(4, 6)
|	|	|------ 75(5, 5)
|	|	|------ 69(5, 6)
|	|	|------ 87(6, 0)
|	|	|------ 71(6, 5)
|	|	|------ 67(6, 6)
|	|------ 89(4, 6)
|	|	|------ 78(2, 5)
|	|	|------ 69(2, 6)
|	|	|------ 73(3, 5)
|	|	|------ 71(3, 6)
|	|	|------ 75(4, 5)
|	|	|------ 75(5, 5)
|	|	|------ 71(5, 6)
|	|	|------ 89(6, 0)
|	|	|------ 73(6, 5)
|	|	|------ 69(6, 6)
|	|------ 87(5, 5)
|	|	|------ 76(2, 5)
|	|	|------ 67(2, 6)
|	|	|------ 71(3, 5)
|	|	|------ 67(3, 6)
|	|	|------ 75(4, 5)
|	|	|------ 69(4, 6)
|	|	|------ 69(5, 6)
|	|	|------ 87(6, 0)
|	|	|------ 78(6, 5)
|	|	|------ 69(6, 6)
|	|------ 89(5, 6)
|	|	|------ 78(2, 5)
|	|	|------ 69(2, 6)
|	|	|------ 71(3, 5)
|	|	|------ 69(3, 6)
|	|	|------ 75(4, 5)
|	|	|------ 71(4, 6)
|	|	|------ 75(5, 5)
|	|	|------ 89(6, 0)
|	|	|------ 75(6, 5)
|	|	|------ 71(6, 6)
|	|------ 52(6, 0)
|	|	|------ 52(2, 5)
|	|	|------ 43(2, 6)
|	|	|------ 45(3, 5)
|	|	|------ 43(3, 6)
|	|	|------ 47(4, 5)
|	|	|------ 43(4, 6)
|	|	|------ 47(5, 5)
|	|	|------ 43(5, 6)
|	|	|------ 47(6, 5)
|	|	|------ 43(6, 6)
|	|------ 89(6, 5)
|	|	|------ 78(2, 5)
|	|	|------ 69(2, 6)
|	|	|------ 71(3, 5)
|	|	|------ 69(3, 6)
|	|	|------ 73(4, 5)
|	|	|------ 69(4, 6)
|	|	|------ 80(5, 5)
|	|	|------ 71(5, 6)
|	|	|------ 89(6, 0)
|	|	|------ 71(6, 6)
|	|------ 89(6, 6)
|	|	|------ 78(2, 5)
|	|	|------ 69(2, 6)
|	|	|------ 71(3, 5)
|	|	|------ 69(3, 6)
|	|	|------ 73(4, 5)
|	|	|------ 69(4, 6)
|	|	|------ 75(5, 5)
|	|	|------ 71(5, 6)
|	|	|------ 89(6, 0)
|	|	|------ 75(6, 5)
|------ 60(6, 5)
|	|------ 62(2, 5)
|	|	|------ 60(2, 6)
|	|	|------ 55(3, 5)
|	|	|------ 46(3, 6)
|	|	|------ 46(4, 5)
|	|	|------ 44(4, 6)
|	|	|------ 49(5, 5)
|	|	|------ 44(5, 6)
|	|	|------ 48(6, 0)
|	|	|------ 62(6, 1)
|	|	|------ 44(6, 6)
|	|------ 76(2, 6)
|	|	|------ 76(2, 5)
|	|	|------ 55(3, 5)
|	|	|------ 53(3, 6)
|	|	|------ 53(4, 5)
|	|	|------ 51(4, 6)
|	|	|------ 56(5, 5)
|	|	|------ 51(5, 6)
|	|	|------ 55(6, 0)
|	|	|------ 69(6, 1)
|	|	|------ 51(6, 6)
|	|------ 69(3, 5)
|	|	|------ 69(2, 5)
|	|	|------ 53(2, 6)
|	|	|------ 53(3, 6)
|	|	|------ 57(4, 5)
|	|	|------ 53(4, 6)
|	|	|------ 58(5, 5)
|	|	|------ 51(5, 6)
|	|	|------ 55(6, 0)
|	|	|------ 69(6, 1)
|	|	|------ 51(6, 6)
|	|------ 73(3, 6)
|	|	|------ 66(2, 5)
|	|	|------ 57(2, 6)
|	|	|------ 59(3, 5)
|	|	|------ 59(4, 5)
|	|	|------ 57(4, 6)
|	|	|------ 60(5, 5)
|	|	|------ 55(5, 6)
|	|	|------ 59(6, 0)
|	|	|------ 73(6, 1)
|	|	|------ 55(6, 6)
|	|------ 69(4, 5)
|	|	|------ 60(2, 5)
|	|	|------ 51(2, 6)
|	|	|------ 57(3, 5)
|	|	|------ 53(3, 6)
|	|	|------ 53(4, 6)
|	|	|------ 67(5, 5)
|	|	|------ 53(5, 6)
|	|	|------ 55(6, 0)
|	|	|------ 69(6, 1)
|	|	|------ 51(6, 6)
|	|------ 73(4, 6)
|	|	|------ 64(2, 5)
|	|	|------ 55(2, 6)
|	|	|------ 59(3, 5)
|	|	|------ 57(3, 6)
|	|	|------ 59(4, 5)
|	|	|------ 62(5, 5)
|	|	|------ 57(5, 6)
|	|	|------ 59(6, 0)
|	|	|------ 73(6, 1)
|	|	|------ 55(6, 6)
|	|------ 60(5, 5)
|	|	|------ 51(2, 5)
|	|	|------ 42(2, 6)
|	|	|------ 46(3, 5)
|	|	|------ 42(3, 6)
|	|	|------ 55(4, 5)
|	|	|------ 44(4, 6)
|	|	|------ 46(5, 6)
|	|	|------ 46(6, 0)
|	|	|------ 60(6, 1)
|	|	|------ 46(6, 6)
|	|------ 71(5, 6)
|	|	|------ 62(2, 5)
|	|	|------ 53(2, 6)
|	|	|------ 55(3, 5)
|	|	|------ 53(3, 6)
|	|	|------ 57(4, 5)
|	|	|------ 55(4, 6)
|	|	|------ 62(5, 5)
|	|	|------ 57(6, 0)
|	|	|------ 71(6, 1)
|	|	|------ 57(6, 6)
|	|------ 95(6, 0)
|	|	|------ 64(2, 5)
|	|	|------ 55(2, 6)
|	|	|------ 57(3, 5)
|	|	|------ 55(3, 6)
|	|	|------ 57(4, 5)
|	|	|------ 55(4, 6)
|	|	|------ 60(5, 5)
|	|	|------ 55(5, 6)
|	|	|------ 95(6, 1)
|	|	|------ 55(6, 6)
|	|------ 71(6, 1)
|	|	|------ 54(2, 5)
|	|	|------ 45(2, 6)
|	|	|------ 47(3, 5)
|	|	|------ 45(3, 6)
|	|	|------ 47(4, 5)
|	|	|------ 45(4, 6)
|	|	|------ 50(5, 5)
|	|	|------ 45(5, 6)
|	|	|------ 71(6, 0)
|	|	|------ 45(6, 6)
|	|------ 71(6, 6)
|	|	|------ 62(2, 5)
|	|	|------ 53(2, 6)
|	|	|------ 55(3, 5)
|	|	|------ 53(3, 6)
|	|	|------ 55(4, 5)
|	|	|------ 53(4, 6)
|	|	|------ 62(5, 5)
|	|	|------ 57(5, 6)
|	|	|------ 57(6, 0)
|	|	|------ 71(6, 1)
|------ 58(6, 6)
|	|------ 58(2, 5)
|	|	|------ 56(2, 6)
|	|	|------ 51(3, 5)
|	|	|------ 42(3, 6)
|	|	|------ 44(4, 5)
|	|	|------ 40(4, 6)
|	|	|------ 44(5, 5)
|	|	|------ 40(5, 6)
|	|	|------ 44(6, 0)
|	|	|------ 58(6, 1)
|	|	|------ 44(6, 5)
|	|------ 72(2, 6)
|	|	|------ 72(2, 5)
|	|	|------ 51(3, 5)
|	|	|------ 49(3, 6)
|	|	|------ 51(4, 5)
|	|	|------ 47(4, 6)
|	|	|------ 51(5, 5)
|	|	|------ 47(5, 6)
|	|	|------ 51(6, 0)
|	|	|------ 65(6, 1)
|	|	|------ 51(6, 5)
|	|------ 65(3, 5)
|	|	|------ 65(2, 5)
|	|	|------ 49(2, 6)
|	|	|------ 49(3, 6)
|	|	|------ 55(4, 5)
|	|	|------ 49(4, 6)
|	|	|------ 53(5, 5)
|	|	|------ 47(5, 6)
|	|	|------ 51(6, 0)
|	|	|------ 65(6, 1)
|	|	|------ 51(6, 5)
|	|------ 69(3, 6)
|	|	|------ 62(2, 5)
|	|	|------ 53(2, 6)
|	|	|------ 55(3, 5)
|	|	|------ 57(4, 5)
|	|	|------ 53(4, 6)
|	|	|------ 55(5, 5)
|	|	|------ 51(5, 6)
|	|	|------ 55(6, 0)
|	|	|------ 69(6, 1)
|	|	|------ 55(6, 5)
|	|------ 67(4, 5)
|	|	|------ 58(2, 5)
|	|	|------ 49(2, 6)
|	|	|------ 55(3, 5)
|	|	|------ 51(3, 6)
|	|	|------ 51(4, 6)
|	|	|------ 57(5, 5)
|	|	|------ 51(5, 6)
|	|	|------ 53(6, 0)
|	|	|------ 67(6, 1)
|	|	|------ 53(6, 5)
|	|------ 69(4, 6)
|	|	|------ 60(2, 5)
|	|	|------ 51(2, 6)
|	|	|------ 55(3, 5)
|	|	|------ 53(3, 6)
|	|	|------ 57(4, 5)
|	|	|------ 57(5, 5)
|	|	|------ 53(5, 6)
|	|	|------ 55(6, 0)
|	|	|------ 69(6, 1)
|	|	|------ 55(6, 5)
|	|------ 65(5, 5)
|	|	|------ 56(2, 5)
|	|	|------ 47(2, 6)
|	|	|------ 51(3, 5)
|	|	|------ 47(3, 6)
|	|	|------ 55(4, 5)
|	|	|------ 49(4, 6)
|	|	|------ 51(5, 6)
|	|	|------ 51(6, 0)
|	|	|------ 65(6, 1)
|	|	|------ 60(6, 5)
|	|------ 67(5, 6)
|	|	|------ 58(2, 5)
|	|	|------ 49(2, 6)
|	|	|------ 51(3, 5)
|	|	|------ 49(3, 6)
|	|	|------ 55(4, 5)
|	|	|------ 51(4, 6)
|	|	|------ 57(5, 5)
|	|	|------ 53(6, 0)
|	|	|------ 67(6, 1)
|	|	|------ 57(6, 5)
|	|------ 91(6, 0)
|	|	|------ 60(2, 5)
|	|	|------ 51(2, 6)
|	|	|------ 53(3, 5)
|	|	|------ 51(3, 6)
|	|	|------ 55(4, 5)
|	|	|------ 51(4, 6)
|	|	|------ 55(5, 5)
|	|	|------ 51(5, 6)
|	|	|------ 91(6, 1)
|	|	|------ 55(6, 5)
|	|------ 67(6, 1)
|	|	|------ 50(2, 5)
|	|	|------ 41(2, 6)
|	|	|------ 43(3, 5)
|	|	|------ 41(3, 6)
|	|	|------ 45(4, 5)
|	|	|------ 41(4, 6)
|	|	|------ 45(5, 5)
|	|	|------ 41(5, 6)
|	|	|------ 67(6, 0)
|	|	|------ 45(6, 5)
|	|------ 67(6, 5)
|	|	|------ 58(2, 5)
|	|	|------ 49(2, 6)
|	|	|------ 51(3, 5)
|	|	|------ 49(3, 6)
|	|	|------ 53(4, 5)
|	|	|------ 49(4, 6)
|	|	|------ 62(5, 5)
|	|	|------ 53(5, 6)
|	|	|------ 53(6, 0)
|	|	|------ 67(6, 1)
|