146None
|------ 136(0, 0)
|	|------ 143(0, 1)
|	|	|------ 134(0, 2)
|	|	|------ 134(0, 3)
|	|	|------ 134(0, 4)
|	|	|------ 134(0, 5)
|	|	|------ 132(0, 6)
|	|	|------ 132(0, 7)
|	|	|------ 134(1, 0)
|	|	|------ 136(1, 1)
|	|	|------ 143(1, 2)
|	|------ 145(0, 2)
|	|	|------ 134(0, 1)
|	|	|------ 138(0, 3)
|	|	|------ 136(0, 4)
|	|	|------ 136(0, 5)
|	|	|------ 134(0, 6)
|	|	|------ 134(0, 7)
|	|	|------ 132(1, 0)
|	|	|------ 136(1, 1)
|	|	|------ 145(1, 2)
|	|------ 145(0, 3)
|	|	|------ 132(0, 1)
|	|	|------ 136(0, 2)
|	|	|------ 138(0, 4)
|	|	|------ 136(0, 5)
|	|	|------ 134(0, 6)
|	|	|------ 134(0, 7)
|	|	|------ 132(1, 0)
|	|	|------ 134(1, 1)
|	|	|------ 145(1, 2)
|	|------ 141(0, 4)
|	|	|------ 130(0, 1)
|	|	|------ 132(0, 2)
|	|	|------ 136(0, 3)
|	|	|------ 138(0, 5)
|	|	|------ 134(0, 6)
|	|	|------ 132(0, 7)
|	|	|------ 130(1, 0)
|	|	|------ 132(1, 1)
|	|	|------ 141(1, 2)
|	|------ 141(0, 5)
|	|	|------ 130(0, 1)
|	|	|------ 132(0, 2)
|	|	|------ 134(0, 3)
|	|	|------ 138(0, 4)
|	|	|------ 136(0, 6)
|	|	|------ 132(0, 7)
|	|	|------ 130(1, 0)
|	|	|------ 132(1, 1)
|	|	|------ 141(1, 2)
|	|------ 144(0, 6)
|	|	|------ 128(0, 1)
|	|	|------ 130(0, 2)
|	|	|------ 132(0, 3)
|	|	|------ 134(0, 4)
|	|	|------ 136(0, 5)
|	|	|------ 144(0, 7)
|	|	|------ 128(1, 0)
|	|	|------ 130(1, 1)
|	|	|------ 139(1, 2)
|	|------ 146(0, 7)
|	|	|------ 130(0, 1)
|	|	|------ 132(0, 2)
|	|	|------ 134(0, 3)
|	|	|------ 134(0, 4)
|	|	|------ 134(0, 5)
|	|	|------ 146(0, 6)
|	|	|------ 130(1, 0)
|	|	|------ 132(1, 1)
|	|	|------ 141(1, 2)
|	|------ 141(1, 0)
|	|	|------ 130(0, 1)
|	|	|------ 128(0, 2)
|	|	|------ 130(0, 3)
|	|	|------ 130(0, 4)
|	|	|------ 130(0, 5)
|	|	|------ 128(0, 6)
|	|	|------ 128(0, 7)
|	|	|------ 141(1, 1)
|	|	|------ 139(1, 2)
|	|------ 146(1, 1)
|	|	|------ 130(0, 1)
|	|	|------ 130(0, 2)
|	|	|------ 130(0, 3)
|	|	|------ 130(0, 4)
|	|	|------ 130(0, 5)
|	|	|------ 128(0, 6)
|	|	|------ 128(0, 7)
|	|	|------ 139(1, 0)
|	|	|------ 146(1, 2)
|	|------ 136(1, 2)
|	|	|------ 127(0, 1)
|	|	|------ 129(0, 2)
|	|	|------ 131(0, 3)
|	|	|------ 129(0, 4)
|	|	|------ 129(0, 5)
|	|	|------ 127(0, 6)
|	|	|------ 127(0, 7)
|	|	|------ 127(1, 0)
|	|	|------ 136(1, 1)
|------ 136(0, 1)
|	|------ 143(0, 0)
|	|	|------ 134(0, 2)
|	|	|------ 134(0, 3)
|	|	|------ 134(0, 4)
|	|	|------ 134(0, 5)
|	|	|------ 132(0, 6)
|	|	|------ 132(0, 7)
|	|	|------ 134(1, 0)
|	|	|------ 136(1, 1)
|	|	|------ 143(1, 2)
|	|------ 145(0, 2)
|	|	|------ 132(0, 0)
|	|	|------ 136(0, 3)
|	|	|------ 134(0, 4)
|	|	|------ 134(0, 5)
|	|	|------ 132(0, 6)
|	|	|------ 132(0, 7)
|	|	|------ 132(1, 0)
|	|	|------ 136(1, 1)
|	|	|------ 145(1, 2)
|	|------ 145(0, 3)
|	|	|------ 132(0, 0)
|	|	|------ 136(0, 2)
|	|	|------ 138(0, 4)
|	|	|------ 136(0, 5)
|	|	|------ 134(0, 6)
|	|	|------ 134(0, 7)
|	|	|------ 132(1, 0)
|	|	|------ 134(1, 1)
|	|	|------ 145(1, 2)
|	|------ 141(0, 4)
|	|	|------ 130(0, 0)
|	|	|------ 132(0, 2)
|	|	|------ 136(0, 3)
|	|	|------ 138(0, 5)
|	|	|------ 134(0, 6)
|	|	|------ 132(0, 7)
|	|	|------ 130(1, 0)
|	|	|------ 132(1, 1)
|	|	|------ 141(1, 2)
|	|------ 141(0, 5)
|	|	|------ 130(0, 0)
|	|	|------ 132(0, 2)
|	|	|------ 134(0, 3)
|	|	|------ 138(0, 4)
|	|	|------ 136(0, 6)
|	|	|------ 132(0, 7)
|	|	|------ 130(1, 0)
|	|	|------ 132(1, 1)
|	|	|------ 141(1, 2)
|	|------ 144(0, 6)
|	|	|------ 128(0, 0)
|	|	|------ 130(0, 2)
|	|	|------ 132(0, 3)
|	|	|------ 134(0, 4)
|	|	|------ 136(0, 5)
|	|	|------ 144(0, 7)
|	|	|------ 128(1, 0)
|	|	|------ 130(1, 1)
|	|	|------ 139(1, 2)
|	|------ 146(0, 7)
|	|	|------ 130(0, 0)
|	|	|------ 132(0, 2)
|	|	|------ 134(0, 3)
|	|	|------ 134(0, 4)
|	|	|------ 134(0, 5)
|	|	|------ 146(0, 6)
|	|	|------ 130(1, 0)
|	|	|------ 132(1, 1)
|	|	|------ 141(1, 2)
|	|------ 141(1, 0)
|	|	|------ 130(0, 0)
|	|	|------ 130(0, 2)
|	|	|------ 130(0, 3)
|	|	|------ 130(0, 4)
|	|	|------ 130(0, 5)
|	|	|------ 128(0, 6)
|	|	|------ 128(0, 7)
|	|	|------ 141(1, 1)
|	|	|------ 141(1, 2)
|	|------ 148(1, 1)
|	|	|------ 130(0, 0)
|	|	|------ 132(0, 2)
|	|	|------ 130(0, 3)
|	|	|------ 130(0, 4)
|	|	|------ 130(0, 5)
|	|	|------ 128(0, 6)
|	|	|------ 128(0, 7)
|	|	|------ 139(1, 0)
|	|	|------ 148(1, 2)
|	|------ 136(1, 2)
|	|	|------ 125(0, 0)
|	|	|------ 129(0, 2)
|	|	|------ 129(0, 3)
|	|	|------ 127(0, 4)
|	|	|------ 127(0, 5)
|	|	|------ 125(0, 6)
|	|	|------ 125(0, 7)
|	|	|------ 127(1, 0)
|	|	|------ 136(1, 1)
|------ 136(0, 2)
|	|------ 143(0, 0)
|	|	|------ 136(0, 1)
|	|	|------ 136(0, 3)
|	|	|------ 136(0, 4)
|	|	|------ 138(0, 5)
|	|	|------ 136(0, 6)
|	|	|------ 136(0, 7)
|	|	|------ 136(1, 0)
|	|	|------ 138(1, 1)
|	|	|------ 143(1, 2)
|	|------ 145(0, 1)
|	|	|------ 134(0, 0)
|	|	|------ 136(0, 3)
|	|	|------ 134(0, 4)
|	|	|------ 136(0, 5)
|	|	|------ 134(0, 6)
|	|	|------ 134(0, 7)
|	|	|------ 134(1, 0)
|	|	|------ 138(1, 1)
|	|	|------ 145(1, 2)
|	|------ 145(0, 3)
|	|	|------ 130(0, 0)
|	|	|------ 132(0, 1)
|	|	|------ 136(0, 4)
|	|	|------ 134(0, 5)
|	|	|------ 132(0, 6)
|	|	|------ 132(0, 7)
|	|	|------ 130(1, 0)
|	|	|------ 134(1, 1)
|	|	|------ 145(1, 2)
|	|------ 141(0, 4)
|	|	|------ 130(0, 0)
|	|	|------ 130(0, 1)
|	|	|------ 136(0, 3)
|	|	|------ 138(0, 5)
|	|	|------ 134(0, 6)
|	|	|------ 132(0, 7)
|	|	|------ 130(1, 0)
|	|	|------ 132(1, 1)
|	|	|------ 141(1, 2)
|	|------ 141(0, 5)
|	|	|------ 132(0, 0)
|	|	|------ 132(0, 1)
|	|	|------ 134(0, 3)
|	|	|------ 138(0, 4)
|	|	|------ 138(0, 6)
|	|	|------ 134(0, 7)
|	|	|------ 132(1, 0)
|	|	|------ 134(1, 1)
|	|	|------ 141(1, 2)
|	|------ 146(0, 6)
|	|	|------ 130(0, 0)
|	|	|------ 130(0, 1)
|	|	|------ 132(0, 3)
|	|	|------ 134(0, 4)
|	|	|------ 138(0, 5)
|	|	|------ 146(0, 7)
|	|	|------ 130(1, 0)
|	|	|------ 132(1, 1)
|	|	|------ 139(1, 2)
|	|------ 148(0, 7)
|	|	|------ 132(0, 0)
|	|	|------ 132(0, 1)
|	|	|------ 134(0, 3)
|	|	|------ 134(0, 4)
|	|	|------ 136(0, 5)
|	|	|------ 148(0, 6)
|	|	|------ 132(1, 0)
|	|	|------ 134(1, 1)
|	|	|------ 141(1, 2)
|	|------ 143(1, 0)
|	|	|------ 132(0, 0)
|	|	|------ 132(0, 1)
|	|	|------ 132(0, 3)
|	|	|------ 132(0, 4)
|	|	|------ 134(0, 5)
|	|	|------ 132(0, 6)
|	|	|------ 132(0, 7)
|	|	|------ 143(1, 1)
|	|	|------ 141(1, 2)
|	|------ 148(1, 1)
|	|	|------ 130(0, 0)
|	|	|------ 132(0, 1)
|	|	|------ 132(0, 3)
|	|	|------ 130(0, 4)
|	|	|------ 132(0, 5)
|	|	|------ 130(0, 6)
|	|	|------ 130(0, 7)
|	|	|------ 139(1, 0)
|	|	|------ 148(1, 2)
|	|------ 136(1, 2)
|	|	|------ 123(0, 0)
|	|	|------ 127(0, 1)
|	|	|------ 131(0, 3)
|	|	|------ 127(0, 4)
|	|	|------ 127(0, 5)
|	|	|------ 125(0, 6)
|	|	|------ 125(0, 7)
|	|	|------ 125(1, 0)
|	|	|------ 136(1, 1)
|------ 136(0, 3)
|	|------ 145(0, 0)
|	|	|------ 138(0, 1)
|	|	|------ 136(0, 2)
|	|	|------ 136(0, 4)
|	|	|------ 138(0, 5)
|	|	|------ 138(0, 6)
|	|	|------ 138(0, 7)
|	|	|------ 138(1, 0)
|	|	|------ 140(1, 1)
|	|	|------ 145(1, 2)
|	|------ 147(0, 1)
|	|	|------ 138(0, 0)
|	|	|------ 138(0, 2)
|	|	|------ 136(0, 4)
|	|	|------ 138(0, 5)
|	|	|------ 138(0, 6)
|	|	|------ 138(0, 7)
|	|	|------ 138(1, 0)
|	|	|------ 140(1, 1)
|	|	|------ 147(1, 2)
|	|------ 147(0, 2)
|	|	|------ 132(0, 0)
|	|	|------ 134(0, 1)
|	|	|------ 136(0, 4)
|	|	|------ 134(0, 5)
|	|	|------ 134(0, 6)
|	|	|------ 134(0, 7)
|	|	|------ 132(1, 0)
|	|	|------ 136(1, 1)
|	|	|------ 147(1, 2)
|	|------ 146(0, 4)
|	|	|------ 128(0, 0)
|	|	|------ 128(0, 1)
|	|	|------ 132(0, 2)
|	|	|------ 146(0, 5)
|	|	|------ 132(0, 6)
|	|	|------ 130(0, 7)
|	|	|------ 128(1, 0)
|	|	|------ 130(1, 1)
|	|	|------ 141(1, 2)
|	|------ 148(0, 5)
|	|	|------ 132(0, 0)
|	|	|------ 132(0, 1)
|	|	|------ 132(0, 2)
|	|	|------ 148(0, 4)
|	|	|------ 138(0, 6)
|	|	|------ 134(0, 7)
|	|	|------ 132(1, 0)
|	|	|------ 134(1, 1)
|	|	|------ 141(1, 2)
|	|------ 148(0, 6)
|	|	|------ 132(0, 0)
|	|	|------ 132(0, 1)
|	|	|------ 132(0, 2)
|	|	|------ 134(0, 4)
|	|	|------ 138(0, 5)
|	|	|------ 148(0, 7)
|	|	|------ 132(1, 0)
|	|	|------ 134(1, 1)
|	|	|------ 141(1, 2)
|	|------ 150(0, 7)
|	|	|------ 134(0, 0)
|	|	|------ 134(0, 1)
|	|	|------ 134(0, 2)
|	|	|------ 134(0, 4)
|	|	|------ 136(0, 5)
|	|	|------ 150(0, 6)
|	|	|------ 134(1, 0)
|	|	|------ 136(1, 1)
|	|	|------ 143(1, 2)
|	|------ 145(1, 0)
|	|	|------ 134(0, 0)
|	|	|------ 134(0, 1)
|	|	|------ 132(0, 2)
|	|	|------ 132(0, 4)
|	|	|------ 134(0, 5)
|	|	|------ 134(0, 6)
|	|	|------ 134(0, 7)
|	|	|------ 145(1, 1)
|	|	|------ 143(1, 2)
|	|------ 150(1, 1)
|	|	|------ 134(0, 0)
|	|	|------ 134(0, 1)
|	|	|------ 134(0, 2)
|	|	|------ 132(0, 4)
|	|	|------ 134(0, 5)
|	|	|------ 134(0, 6)
|	|	|------ 134(0, 7)
|	|	|------ 143(1, 0)
|	|	|------ 150(1, 2)
|	|------ 136(1, 2)
|	|	|------ 125(0, 0)
|	|	|------ 127(0, 1)
|	|	|------ 131(0, 2)
|	|	|------ 129(0, 4)
|	|	|------ 127(0, 5)
|	|	|------ 127(0, 6)
|	|	|------ 127(0, 7)
|	|	|------ 127(1, 0)
|	|	|------ 136(1, 1)
|------ 138(0, 4)
|	|------ 145(0, 0)
|	|	|------ 138(0, 1)
|	|	|------ 136(0, 2)
|	|	|------ 136(0, 3)
|	|	|------ 138(0, 5)
|	|	|------ 138(0, 6)
|	|	|------ 138(0, 7)
|	|	|------ 138(1, 0)
|	|	|------ 140(1, 1)
|	|	|------ 145(1, 2)
|	|------ 147(0, 1)
|	|	|------ 138(0, 0)
|	|	|------ 138(0, 2)
|	|	|------ 136(0, 3)
|	|	|------ 138(0, 5)
|	|	|------ 138(0, 6)
|	|	|------ 138(0, 7)
|	|	|------ 138(1, 0)
|	|	|------ 140(1, 1)
|	|	|------ 147(1, 2)
|	|------ 147(0, 2)
|	|	|------ 134(0, 0)
|	|	|------ 136(0, 1)
|	|	|------ 138(0, 3)
|	|	|------ 136(0, 5)
|	|	|------ 136(0, 6)
|	|	|------ 136(0, 7)
|	|	|------ 134(1, 0)
|	|	|------ 138(1, 1)
|	|	|------ 147(1, 2)
|	|------ 146(0, 3)
|	|	|------ 130(0, 0)
|	|	|------ 130(0, 1)
|	|	|------ 134(0, 2)
|	|	|------ 146(0, 5)
|	|	|------ 132(0, 6)
|	|	|------ 132(0, 7)
|	|	|------ 130(1, 0)
|	|	|------ 132(1, 1)
|	|	|------ 143(1, 2)
|	|------ 146(0, 5)
|	|	|------ 130(0, 0)
|	|	|------ 130(0, 1)
|	|	|------ 130(0, 2)
|	|	|------ 144(0, 3)
|	|	|------ 146(0, 6)
|	|	|------ 132(0, 7)
|	|	|------ 130(1, 0)
|	|	|------ 132(1, 1)
|	|	|------ 139(1, 2)
|	|------ 148(0, 6)
|	|	|------ 132(0, 0)
|	|	|------ 132(0, 1)
|	|	|------ 132(0, 2)
|	|	|------ 132(0, 3)
|	|	|------ 148(0, 5)
|	|	|------ 148(0, 7)
|	|	|------ 132(1, 0)
|	|	|------ 134(1, 1)
|	|	|------ 141(1, 2)
|	|------ 150(0, 7)
|	|	|------ 134(0, 0)
|	|	|------ 134(0, 1)
|	|	|------ 134(0, 2)
|	|	|------ 134(0, 3)
|	|	|------ 136(0, 5)
|	|	|------ 150(0, 6)
|	|	|------ 134(1, 0)
|	|	|------ 136(1, 1)
|	|	|------ 143(1, 2)
|	|------ 145(1, 0)
|	|	|------ 134(0, 0)
|	|	|------ 134(0, 1)
|	|	|------ 132(0, 2)
|	|	|------ 132(0, 3)
|	|	|------ 134(0, 5)
|	|	|------ 134(0, 6)
|	|	|------ 134(0, 7)
|	|	|------ 145(1, 1)
|	|	|------ 143(1, 2)
|	|------ 150(1, 1)
|	|	|------ 134(0, 0)
|	|	|------ 134(0, 1)
|	|	|------ 134(0, 2)
|	|	|------ 132(0, 3)
|	|	|------ 134(0, 5)
|	|	|------ 134(0, 6)
|	|	|------ 134(0, 7)
|	|	|------ 143(1, 0)
|	|	|------ 150(1, 2)
|	|------ 138(1, 2)
|	|	|------ 127(0, 0)
|	|	|------ 129(0, 1)
|	|	|------ 131(0, 2)
|	|	|------ 131(0, 3)
|	|	|------ 129(0, 5)
|	|	|------ 129(0, 6)
|	|	|------ 129(0, 7)
|	|	|------ 129(1, 0)
|	|	|------ 138(1, 1)
|------ 140(0, 5)
|	|------ 147(0, 0)
|	|	|------ 138(0, 1)
|	|	|------ 138(0, 2)
|	|	|------ 138(0, 3)
|	|	|------ 138(0, 4)
|	|	|------ 136(0, 6)
|	|	|------ 136(0, 7)
|	|	|------ 138(1, 0)
|	|	|------ 140(1, 1)
|	|	|------ 147(1, 2)
|	|------ 149(0, 1)
|	|	|------ 138(0, 0)
|	|	|------ 140(0, 2)
|	|	|------ 138(0, 3)
|	|	|------ 138(0, 4)
|	|	|------ 136(0, 6)
|	|	|------ 136(0, 7)
|	|	|------ 138(1, 0)
|	|	|------ 140(1, 1)
|	|	|------ 149(1, 2)
|	|------ 149(0, 2)
|	|	|------ 136(0, 0)
|	|	|------ 138(0, 1)
|	|	|------ 140(0, 3)
|	|	|------ 138(0, 4)
|	|	|------ 136(0, 6)
|	|	|------ 136(0, 7)
|	|	|------ 136(1, 0)
|	|	|------ 140(1, 1)
|	|	|------ 149(1, 2)
|	|------ 150(0, 3)
|	|	|------ 134(0, 0)
|	|	|------ 134(0, 1)
|	|	|------ 138(0, 2)
|	|	|------ 150(0, 4)
|	|	|------ 134(0, 6)
|	|	|------ 134(0, 7)
|	|	|------ 134(1, 0)
|	|	|------ 136(1, 1)
|	|	|------ 147(1, 2)
|	|------ 146(0, 4)
|	|	|------ 130(0, 0)
|	|	|------ 130(0, 1)
|	|	|------ 132(0, 2)
|	|	|------ 146(0, 3)
|	|	|------ 144(0, 6)
|	|	|------ 130(0, 7)
|	|	|------ 130(1, 0)
|	|	|------ 132(1, 1)
|	|	|------ 141(1, 2)
|	|------ 154(0, 6)
|	|	|------ 128(0, 0)
|	|	|------ 128(0, 1)
|	|	|------ 130(0, 2)
|	|	|------ 130(0, 3)
|	|	|------ 144(0, 4)
|	|	|------ 154(0, 7)
|	|	|------ 128(1, 0)
|	|	|------ 130(1, 1)
|	|	|------ 139(1, 2)
|	|------ 158(0, 7)
|	|	|------ 132(0, 0)
|	|	|------ 132(0, 1)
|	|	|------ 134(0, 2)
|	|	|------ 134(0, 3)
|	|	|------ 134(0, 4)
|	|	|------ 158(0, 6)
|	|	|------ 132(1, 0)
|	|	|------ 134(1, 1)
|	|	|------ 143(1, 2)
|	|------ 145(1, 0)
|	|	|------ 134(0, 0)
|	|	|------ 134(0, 1)
|	|	|------ 134(0, 2)
|	|	|------ 134(0, 3)
|	|	|------ 134(0, 4)
|	|	|------ 132(0, 6)
|	|	|------ 132(0, 7)
|	|	|------ 145(1, 1)
|	|	|------ 145(1, 2)
|	|------ 152(1, 1)
|	|	|------ 134(0, 0)
|	|	|------ 134(0, 1)
|	|	|------ 136(0, 2)
|	|	|------ 134(0, 3)
|	|	|------ 134(0, 4)
|	|	|------ 132(0, 6)
|	|	|------ 132(0, 7)
|	|	|------ 143(1, 0)
|	|	|------ 152(1, 2)
|	|------ 140(1, 2)
|	|	|------ 129(0, 0)
|	|	|------ 131(0, 1)
|	|	|------ 133(0, 2)
|	|	|------ 133(0, 3)
|	|	|------ 131(0, 4)
|	|	|------ 129(0, 6)
|	|	|------ 129(0, 7)
|	|	|------ 131(1, 0)
|	|	|------ 140(1, 1)
|------ 134(0, 6)
|	|------ 145(0, 0)
|	|	|------ 136(0, 1)
|	|	|------ 136(0, 2)
|	|	|------ 138(0, 3)
|	|	|------ 138(0, 4)
|	|	|------ 136(0, 5)
|	|	|------ 144(0, 7)
|	|	|------ 136(1, 0)
|	|	|------ 138(1, 1)
|	|	|------ 145(1, 2)
|	|------ 147(0, 1)
|	|	|------ 136(0, 0)
|	|	|------ 138(0, 2)
|	|	|------ 138(0, 3)
|	|	|------ 138(0, 4)
|	|	|------ 136(0, 5)
|	|	|------ 144(0, 7)
|	|	|------ 136(1, 0)
|	|	|------ 138(1, 1)
|	|	|------ 147(1, 2)
|	|------ 147(0, 2)
|	|	|------ 134(0, 0)
|	|	|------ 136(0, 1)
|	|	|------ 140(0, 3)
|	|	|------ 138(0, 4)
|	|	|------ 136(0, 5)
|	|	|------ 144(0, 7)
|	|	|------ 134(1, 0)
|	|	|------ 138(1, 1)
|	|	|------ 147(1, 2)
|	|------ 147(0, 3)
|	|	|------ 134(0, 0)
|	|	|------ 134(0, 1)
|	|	|------ 138(0, 2)
|	|	|------ 140(0, 4)
|	|	|------ 136(0, 5)
|	|	|------ 144(0, 7)
|	|	|------ 134(1, 0)
|	|	|------ 136(1, 1)
|	|	|------ 147(1, 2)
|	|------ 148(0, 4)
|	|	|------ 132(0, 0)
|	|	|------ 132(0, 1)
|	|	|------ 134(0, 2)
|	|	|------ 138(0, 3)
|	|	|------ 148(0, 5)
|	|	|------ 142(0, 7)
|	|	|------ 132(1, 0)
|	|	|------ 134(1, 1)
|	|	|------ 143(1, 2)
|	|------ 152(0, 5)
|	|	|------ 128(0, 0)
|	|	|------ 128(0, 1)
|	|	|------ 130(0, 2)
|	|	|------ 132(0, 3)
|	|	|------ 146(0, 4)
|	|	|------ 152(0, 7)
|	|	|------ 128(1, 0)
|	|	|------ 130(1, 1)
|	|	|------ 139(1, 2)
|	|------ 134(0, 7)
|	|	|------ 118(0, 0)
|	|	|------ 118(0, 1)
|	|	|------ 120(0, 2)
|	|	|------ 122(0, 3)
|	|	|------ 122(0, 4)
|	|	|------ 134(0, 5)
|	|	|------ 118(1, 0)
|	|	|------ 120(1, 1)
|	|	|------ 129(1, 2)
|	|------ 143(1, 0)
|	|	|------ 132(0, 0)
|	|	|------ 132(0, 1)
|	|	|------ 132(0, 2)
|	|	|------ 134(0, 3)
|	|	|------ 134(0, 4)
|	|	|------ 132(0, 5)
|	|	|------ 140(0, 7)
|	|	|------ 143(1, 1)
|	|	|------ 143(1, 2)
|	|------ 150(1, 1)
|	|	|------ 132(0, 0)
|	|	|------ 132(0, 1)
|	|	|------ 134(0, 2)
|	|	|------ 134(0, 3)
|	|	|------ 134(0, 4)
|	|	|------ 132(0, 5)
|	|	|------ 140(0, 7)
|	|	|------ 141(1, 0)
|	|	|------ 150(1, 2)
|	|------ 138(1, 2)
|	|	|------ 127(0, 0)
|	|	|------ 129(0, 1)
|	|	|------ 131(0, 2)
|	|	|------ 133(0, 3)
|	|	|------ 131(0, 4)
|	|	|------ 129(0, 5)
|	|	|------ 137(0, 7)
|	|	|------ 129(1, 0)
|	|	|------ 138(1, 1)
|------ 134(0, 7)
|	|------ 145(0, 0)
|	|	|------ 136(0, 1)
|	|	|------ 136(0, 2)
|	|	|------ 138(0, 3)
|	|	|------ 138(0, 4)
|	|	|------ 136(0, 5)
|	|	|------ 144(0, 6)
|	|	|------ 136(1, 0)
|	|	|------ 138(1, 1)
|	|	|------ 145(1, 2)
|	|------ 147(0, 1)
|	|	|------ 136(0, 0)
|	|	|------ 138(0, 2)
|	|	|------ 138(0, 3)
|	|	|------ 138(0, 4)
|	|	|------ 136(0, 5)
|	|	|------ 144(0, 6)
|	|	|------ 136(1, 0)
|	|	|------ 138(1, 1)
|	|	|------ 147(1, 2)
|	|------ 147(0, 2)
|	|	|------ 134(0, 0)
|	|	|------ 136(0, 1)
|	|	|------ 140(0, 3)
|	|	|------ 138(0, 4)
|	|	|------ 136(0, 5)
|	|	|------ 144(0, 6)
|	|	|------ 134(1, 0)
|	|	|------ 138(1, 1)
|	|	|------ 147(1, 2)
|	|------ 147(0, 3)
|	|	|------ 134(0, 0)
|	|	|------ 134(0, 1)
|	|	|------ 138(0, 2)
|	|	|------ 140(0, 4)
|	|	|------ 136(0, 5)
|	|	|------ 144(0, 6)
|	|	|------ 134(1, 0)
|	|	|------ 136(1, 1)
|	|	|------ 147(1, 2)
|	|------ 144(0, 4)
|	|	|------ 132(0, 0)
|	|	|------ 132(0, 1)
|	|	|------ 134(0, 2)
|	|	|------ 138(0, 3)
|	|	|------ 138(0, 5)
|	|	|------ 144(0, 6)
|	|	|------ 132(1, 0)
|	|	|------ 134(1, 1)
|	|	|------ 143(1, 2)
|	|------ 156(0, 5)
|	|	|------ 130(0, 0)
|	|	|------ 130(0, 1)
|	|	|------ 132(0, 2)
|	|	|------ 134(0, 3)
|	|	|------ 138(0, 4)
|	|	|------ 156(0, 6)
|	|	|------ 130(1, 0)
|	|	|------ 132(1, 1)
|	|	|------ 141(1, 2)
|	|------ 134(0, 6)
|	|	|------ 116(0, 0)
|	|	|------ 116(0, 1)
|	|	|------ 118(0, 2)
|	|	|------ 120(0, 3)
|	|	|------ 122(0, 4)
|	|	|------ 134(0, 5)
|	|	|------ 116(1, 0)
|	|	|------ 118(1, 1)
|	|	|------ 127(1, 2)
|	|------ 143(1, 0)
|	|	|------ 132(0, 0)
|	|	|------ 132(0, 1)
|	|	|------ 132(0, 2)
|	|	|------ 134(0, 3)
|	|	|------ 134(0, 4)
|	|	|------ 132(0, 5)
|	|	|------ 140(0, 6)
|	|	|------ 143(1, 1)
|	|	|------ 143(1, 2)
|	|------ 150(1, 1)
|	|	|------ 132(0, 0)
|	|	|------ 132(0, 1)
|	|	|------ 134(0, 2)
|	|	|------ 134(0, 3)
|	|	|------ 134(0, 4)
|	|	|------ 132(0, 5)
|	|	|------ 140(0, 6)
|	|	|------ 141(1, 0)
|	|	|------ 150(1, 2)
|	|------ 138(1, 2)
|	|	|------ 127(0, 0)
|	|	|------ 129(0, 1)
|	|	|------ 131(0, 2)
|	|	|------ 133(0, 3)
|	|	|------ 131(0, 4)
|	|	|------ 129(0, 5)
|	|	|------ 137(0, 6)
|	|	|------ 129(1, 0)
|	|	|------ 138(1, 1)
|------ 141(1, 0)
|	|------ 141(0, 0)
|	|	|------ 134(0, 1)
|	|	|------ 132(0, 2)
|	|	|------ 134(0, 3)
|	|	|------ 134(0, 4)
|	|	|------ 134(0, 5)
|	|	|------ 132(0, 6)
|	|	|------ 132(0, 7)
|	|	|------ 141(1, 1)
|	|	|------ 141(1, 2)
|	|------ 143(0, 1)
|	|	|------ 134(0, 0)
|	|	|------ 134(0, 2)
|	|	|------ 134(0, 3)
|	|	|------ 134(0, 4)
|	|	|------ 134(0, 5)
|	|	|------ 132(0, 6)
|	|	|------ 132(0, 7)
|	|	|------ 141(1, 1)
|	|	|------ 143(1, 2)
|	|------ 145(0, 2)
|	|	|------ 132(0, 0)
|	|	|------ 134(0, 1)
|	|	|------ 138(0, 3)
|	|	|------ 136(0, 4)
|	|	|------ 136(0, 5)
|	|	|------ 134(0, 6)
|	|	|------ 134(0, 7)
|	|	|------ 141(1, 1)
|	|	|------ 145(1, 2)
|	|------ 145(0, 3)
|	|	|------ 132(0, 0)
|	|	|------ 132(0, 1)
|	|	|------ 136(0, 2)
|	|	|------ 138(0, 4)
|	|	|------ 136(0, 5)
|	|	|------ 134(0, 6)
|	|	|------ 134(0, 7)
|	|	|------ 139(1, 1)
|	|	|------ 145(1, 2)
|	|------ 141(0, 4)
|	|	|------ 130(0, 0)
|	|	|------ 130(0, 1)
|	|	|------ 132(0, 2)
|	|	|------ 136(0, 3)
|	|	|------ 138(0, 5)
|	|	|------ 134(0, 6)
|	|	|------ 132(0, 7)
|	|	|------ 137(1, 1)
|	|	|------ 141(1, 2)
|	|------ 141(0, 5)
|	|	|------ 130(0, 0)
|	|	|------ 130(0, 1)
|	|	|------ 132(0, 2)
|	|	|------ 134(0, 3)
|	|	|------ 138(0, 4)
|	|	|------ 136(0, 6)
|	|	|------ 132(0, 7)
|	|	|------ 137(1, 1)
|	|	|------ 141(1, 2)
|	|------ 144(0, 6)
|	|	|------ 128(0, 0)
|	|	|------ 128(0, 1)
|	|	|------ 130(0, 2)
|	|	|------ 132(0, 3)
|	|	|------ 134(0, 4)
|	|	|------ 136(0, 5)
|	|	|------ 144(0, 7)
|	|	|------ 135(1, 1)
|	|	|------ 139(1, 2)
|	|------ 146(0, 7)
|	|	|------ 130(0, 0)
|	|	|------ 130(0, 1)
|	|	|------ 132(0, 2)
|	|	|------ 134(0, 3)
|	|	|------ 134(0, 4)
|	|	|------ 134(0, 5)
|	|	|------ 146(0, 6)
|	|	|------ 137(1, 1)
|	|	|------ 141(1, 2)
|	|------ 146(1, 1)
|	|	|------ 125(0, 0)
|	|	|------ 125(0, 1)
|	|	|------ 125(0, 2)
|	|	|------ 125(0, 3)
|	|	|------ 125(0, 4)
|	|	|------ 125(0, 5)
|	|	|------ 123(0, 6)
|	|	|------ 123(0, 7)
|	|	|------ 146(1, 2)
|	|------ 146(1, 2)
|	|	|------ 125(0, 0)
|	|	|------ 127(0, 1)
|	|	|------ 129(0, 2)
|	|	|------ 131(0, 3)
|	|	|------ 129(0, 4)
|	|	|------ 129(0, 5)
|	|	|------ 127(0, 6)
|	|	|------ 127(0, 7)
|	|	|------ 146(1, 1)
|------ 132(1, 1)
|	|------ 148(0, 0)
|	|	|------ 136(0, 1)
|	|	|------ 136(0, 2)
|	|	|------ 136(0, 3)
|	|	|------ 136(0, 4)
|	|	|------ 136(0, 5)
|	|	|------ 134(0, 6)
|	|	|------ 134(0, 7)
|	|	|------ 141(1, 0)
|	|	|------ 148(1, 2)
|	|------ 150(0, 1)
|	|	|------ 136(0, 0)
|	|	|------ 138(0, 2)
|	|	|------ 136(0, 3)
|	|	|------ 136(0, 4)
|	|	|------ 136(0, 5)
|	|	|------ 134(0, 6)
|	|	|------ 134(0, 7)
|	|	|------ 141(1, 0)
|	|	|------ 150(1, 2)
|	|------ 150(0, 2)
|	|	|------ 134(0, 0)
|	|	|------ 136(0, 1)
|	|	|------ 138(0, 3)
|	|	|------ 136(0, 4)
|	|	|------ 136(0, 5)
|	|	|------ 134(0, 6)
|	|	|------ 134(0, 7)
|	|	|------ 139(1, 0)
|	|	|------ 150(1, 2)
|	|------ 150(0, 3)
|	|	|------ 134(0, 0)
|	|	|------ 134(0, 1)
|	|	|------ 138(0, 2)
|	|	|------ 140(0, 4)
|	|	|------ 138(0, 5)
|	|	|------ 136(0, 6)
|	|	|------ 136(0, 7)
|	|	|------ 139(1, 0)
|	|	|------ 150(1, 2)
|	|------ 146(0, 4)
|	|	|------ 132(0, 0)
|	|	|------ 132(0, 1)
|	|	|------ 134(0, 2)
|	|	|------ 138(0, 3)
|	|	|------ 140(0, 5)
|	|	|------ 136(0, 6)
|	|	|------ 134(0, 7)
|	|	|------ 137(1, 0)
|	|	|------ 146(1, 2)
|	|------ 146(0, 5)
|	|	|------ 132(0, 0)
|	|	|------ 132(0, 1)
|	|	|------ 134(0, 2)
|	|	|------ 136(0, 3)
|	|	|------ 140(0, 4)
|	|	|------ 138(0, 6)
|	|	|------ 134(0, 7)
|	|	|------ 137(1, 0)
|	|	|------ 146(1, 2)
|	|------ 146(0, 6)
|	|	|------ 130(0, 0)
|	|	|------ 130(0, 1)
|	|	|------ 132(0, 2)
|	|	|------ 134(0, 3)
|	|	|------ 136(0, 4)
|	|	|------ 138(0, 5)
|	|	|------ 146(0, 7)
|	|	|------ 135(1, 0)
|	|	|------ 144(1, 2)
|	|------ 148(0, 7)
|	|	|------ 132(0, 0)
|	|	|------ 132(0, 1)
|	|	|------ 134(0, 2)
|	|	|------ 136(0, 3)
|	|	|------ 136(0, 4)
|	|	|------ 136(0, 5)
|	|	|------ 148(0, 6)
|	|	|------ 137(1, 0)
|	|	|------ 146(1, 2)
|	|------ 146(1, 0)
|	|	|------ 127(0, 0)
|	|	|------ 127(0, 1)
|	|	|------ 127(0, 2)
|	|	|------ 127(0, 3)
|	|	|------ 127(0, 4)
|	|	|------ 127(0, 5)
|	|	|------ 125(0, 6)
|	|	|------ 125(0, 7)
|	|	|------ 146(1, 2)
|	|------ 132(1, 2)
|	|	|------ 120(0, 0)
|	|	|------ 122(0, 1)
|	|	|------ 124(0, 2)
|	|	|------ 124(0, 3)
|	|	|------ 122(0, 4)
|	|	|------ 122(0, 5)
|	|	|------ 120(0, 6)
|	|	|------ 120(0, 7)
|	|	|------ 132(1, 0)
|------ 146(1, 2)
|	|------ 150(0, 0)
|	|	|------ 145(0, 1)
|	|	|------ 143(0, 2)
|	|	|------ 145(0, 3)
|	|	|------ 145(0, 4)
|	|	|------ 147(0, 5)
|	|	|------ 145(0, 6)
|	|	|------ 145(0, 7)
|	|	|------ 145(1, 0)
|	|	|------ 150(1, 1)
|	|------ 150(0, 1)
|	|	|------ 143(0, 0)
|	|	|------ 145(0, 2)
|	|	|------ 145(0, 3)
|	|	|------ 143(0, 4)
|	|	|------ 145(0, 5)
|	|	|------ 143(0, 6)
|	|	|------ 143(0, 7)
|	|	|------ 143(1, 0)
|	|	|------ 150(1, 1)
|	|------ 148(0, 2)
|	|	|------ 139(0, 0)
|	|	|------ 143(0, 1)
|	|	|------ 147(0, 3)
|	|	|------ 143(0, 4)
|	|	|------ 143(0, 5)
|	|	|------ 141(0, 6)
|	|	|------ 141(0, 7)
|	|	|------ 139(1, 0)
|	|	|------ 148(1, 1)
|	|------ 146(0, 3)
|	|	|------ 139(0, 0)
|	|	|------ 141(0, 1)
|	|	|------ 145(0, 2)
|	|	|------ 145(0, 4)
|	|	|------ 143(0, 5)
|	|	|------ 141(0, 6)
|	|	|------ 141(0, 7)
|	|	|------ 139(1, 0)
|	|	|------ 146(1, 1)
|	|------ 147(0, 4)
|	|	|------ 139(0, 0)
|	|	|------ 139(0, 1)
|	|	|------ 141(0, 2)
|	|	|------ 145(0, 3)
|	|	|------ 147(0, 5)
|	|	|------ 143(0, 6)
|	|	|------ 141(0, 7)
|	|	|------ 139(1, 0)
|	|	|------ 144(1, 1)
|	|------ 147(0, 5)
|	|	|------ 141(0, 0)
|	|	|------ 141(0, 1)
|	|	|------ 141(0, 2)
|	|	|------ 143(0, 3)
|	|	|------ 147(0, 4)
|	|	|------ 147(0, 6)
|	|	|------ 143(0, 7)
|	|	|------ 141(1, 0)
|	|	|------ 146(1, 1)
|	|------ 155(0, 6)
|	|	|------ 139(0, 0)
|	|	|------ 139(0, 1)
|	|	|------ 139(0, 2)
|	|	|------ 141(0, 3)
|	|	|------ 143(0, 4)
|	|	|------ 147(0, 5)
|	|	|------ 155(0, 7)
|	|	|------ 139(1, 0)
|	|	|------ 144(1, 1)
|	|------ 157(0, 7)
|	|	|------ 141(0, 0)
|	|	|------ 141(0, 1)
|	|	|------ 141(0, 2)
|	|	|------ 143(0, 3)
|	|	|------ 143(0, 4)
|	|	|------ 145(0, 5)
|	|	|------ 157(0, 6)
|	|	|------ 141(1, 0)
|	|	|------ 146(1, 1)
|	|------ 160(1, 0)
|	|	|------ 141(0, 0)
|	|	|------ 141(0, 1)
|	|	|------ 139(0, 2)
|	|	|------ 141(0, 3)
|	|	|------ 141(0, 4)
|	|	|------ 143(0, 5)
|	|	|------ 141(0, 6)
|	|	|------ 141(0, 7)
|	|	|------ 160(1, 1)
|	|------ 146(1, 1)
|	|	|------ 132(0, 0)
|	|	|------ 134(0, 1)
|	|	|------ 134(0, 2)
|	|	|------ 134(0, 3)
|	|	|------ 132(0, 4)
|	|	|------ 134(0, 5)
|	|	|------ 132(0, 6)
|	|	|------ 132(0, 7)
|	|	|------ 146(1, 0)
|