69None
|------ 69(2, 5)
|	|------ 69(2, 6)
|	|	|------ 60(3, 5)
|	|	|------ 55(3, 6)
|	|	|------ 51(4, 5)
|	|	|------ 51(4, 6)
|	|	|------ 60(5, 4)
|	|	|------ 51(5, 5)
|	|	|------ 51(5, 6)
|	|	|------ 55(6, 0)
|	|	|------ 69(6, 1)
|	|	|------ 55(6, 4)
|	|	|------ 51(6, 5)
|	|	|------ 51(6, 6)
|	|------ 72(3, 5)
|	|	|------ 68(2, 6)
|	|	|------ 58(3, 6)
|	|	|------ 65(4, 5)
|	|	|------ 56(4, 6)
|	|	|------ 65(5, 4)
|	|	|------ 56(5, 5)
|	|	|------ 54(5, 6)
|	|	|------ 58(6, 0)
|	|	|------ 72(6, 1)
|	|	|------ 58(6, 4)
|	|	|------ 54(6, 5)
|	|	|------ 54(6, 6)
|	|------ 83(3, 6)
|	|	|------ 79(2, 6)
|	|	|------ 74(3, 5)
|	|	|------ 67(4, 5)
|	|	|------ 67(4, 6)
|	|	|------ 74(5, 4)
|	|	|------ 65(5, 5)
|	|	|------ 65(5, 6)
|	|	|------ 69(6, 0)
|	|	|------ 83(6, 1)
|	|	|------ 69(6, 4)
|	|	|------ 65(6, 5)
|	|	|------ 65(6, 6)
|	|------ 81(4, 5)
|	|	|------ 73(2, 6)
|	|	|------ 79(3, 5)
|	|	|------ 65(3, 6)
|	|	|------ 65(4, 6)
|	|	|------ 76(5, 4)
|	|	|------ 67(5, 5)
|	|	|------ 65(5, 6)
|	|	|------ 67(6, 0)
|	|	|------ 81(6, 1)
|	|	|------ 67(6, 4)
|	|	|------ 63(6, 5)
|	|	|------ 63(6, 6)
|	|------ 85(4, 6)
|	|	|------ 77(2, 6)
|	|	|------ 74(3, 5)
|	|	|------ 69(3, 6)
|	|	|------ 69(4, 5)
|	|	|------ 76(5, 4)
|	|	|------ 69(5, 5)
|	|	|------ 69(5, 6)
|	|	|------ 71(6, 0)
|	|	|------ 85(6, 1)
|	|	|------ 71(6, 4)
|	|	|------ 67(6, 5)
|	|	|------ 67(6, 6)
|	|------ 76(5, 4)
|	|	|------ 68(2, 6)
|	|	|------ 65(3, 5)
|	|	|------ 58(3, 6)
|	|	|------ 62(4, 5)
|	|	|------ 58(4, 6)
|	|	|------ 62(5, 5)
|	|	|------ 58(5, 6)
|	|	|------ 62(6, 0)
|	|	|------ 76(6, 1)
|	|	|------ 74(6, 4)
|	|	|------ 60(6, 5)
|	|	|------ 58(6, 6)
|	|------ 83(5, 5)
|	|	|------ 75(2, 6)
|	|	|------ 72(3, 5)
|	|	|------ 65(3, 6)
|	|	|------ 69(4, 5)
|	|	|------ 67(4, 6)
|	|	|------ 78(5, 4)
|	|	|------ 67(5, 6)
|	|	|------ 69(6, 0)
|	|	|------ 83(6, 1)
|	|	|------ 71(6, 4)
|	|	|------ 67(6, 5)
|	|	|------ 67(6, 6)
|	|------ 85(5, 6)
|	|	|------ 77(2, 6)
|	|	|------ 72(3, 5)
|	|	|------ 67(3, 6)
|	|	|------ 69(4, 5)
|	|	|------ 69(4, 6)
|	|	|------ 76(5, 4)
|	|	|------ 69(5, 5)
|	|	|------ 71(6, 0)
|	|	|------ 85(6, 1)
|	|	|------ 71(6, 4)
|	|	|------ 69(6, 5)
|	|	|------ 69(6, 6)
|	|------ 107(6, 0)
|	|	|------ 77(2, 6)
|	|	|------ 72(3, 5)
|	|	|------ 67(3, 6)
|	|	|------ 67(4, 5)
|	|	|------ 67(4, 6)
|	|	|------ 76(5, 4)
|	|	|------ 67(5, 5)
|	|	|------ 67(5, 6)
|	|	|------ 107(6, 1)
|	|	|------ 71(6, 4)
|	|	|------ 67(6, 5)
|	|	|------ 67(6, 6)
|	|------ 83(6, 1)
|	|	|------ 67(2, 6)
|	|	|------ 62(3, 5)
|	|	|------ 57(3, 6)
|	|	|------ 57(4, 5)
|	|	|------ 57(4, 6)
|	|	|------ 66(5, 4)
|	|	|------ 57(5, 5)
|	|	|------ 57(5, 6)
|	|	|------ 83(6, 0)
|	|	|------ 61(6, 4)
|	|	|------ 57(6, 5)
|	|	|------ 57(6, 6)
|	|------ 88(6, 4)
|	|	|------ 77(2, 6)
|	|	|------ 72(3, 5)
|	|	|------ 67(3, 6)
|	|	|------ 67(4, 5)
|	|	|------ 67(4, 6)
|	|	|------ 88(5, 4)
|	|	|------ 69(5, 5)
|	|	|------ 67(5, 6)
|	|	|------ 71(6, 0)
|	|	|------ 85(6, 1)
|	|	|------ 69(6, 5)
|	|	|------ 67(6, 6)
|	|------ 85(6, 5)
|	|	|------ 77(2, 6)
|	|	|------ 72(3, 5)
|	|	|------ 67(3, 6)
|	|	|------ 67(4, 5)
|	|	|------ 67(4, 6)
|	|	|------ 78(5, 4)
|	|	|------ 69(5, 5)
|	|	|------ 69(5, 6)
|	|	|------ 71(6, 0)
|	|	|------ 85(6, 1)
|	|	|------ 73(6, 4)
|	|	|------ 69(6, 6)
|	|------ 85(6, 6)
|	|	|------ 77(2, 6)
|	|	|------ 72(3, 5)
|	|	|------ 67(3, 6)
|	|	|------ 67(4, 5)
|	|	|------ 67(4, 6)
|	|	|------ 76(5, 4)
|	|	|------ 69(5, 5)
|	|	|------ 69(5, 6)
|	|	|------ 71(6, 0)
|	|	|------ 85(6, 1)
|	|	|------ 71(6, 4)
|	|	|------ 69(6, 5)
|------ 53(2, 6)
|	|------ 53(2, 5)
|	|	|------ 48(3, 5)
|	|	|------ 39(3, 6)
|	|	|------ 37(4, 5)
|	|	|------ 35(4, 6)
|	|	|------ 44(5, 4)
|	|	|------ 35(5, 5)
|	|	|------ 35(5, 6)
|	|	|------ 39(6, 0)
|	|	|------ 53(6, 1)
|	|	|------ 39(6, 4)
|	|	|------ 35(6, 5)
|	|	|------ 35(6, 6)
|	|------ 82(3, 5)
|	|	|------ 82(2, 5)
|	|	|------ 56(3, 6)
|	|	|------ 58(4, 5)
|	|	|------ 54(4, 6)
|	|	|------ 63(5, 4)
|	|	|------ 54(5, 5)
|	|	|------ 52(5, 6)
|	|	|------ 56(6, 0)
|	|	|------ 70(6, 1)
|	|	|------ 56(6, 4)
|	|	|------ 52(6, 5)
|	|	|------ 52(6, 6)
|	|------ 79(3, 6)
|	|	|------ 79(2, 5)
|	|	|------ 62(3, 5)
|	|	|------ 60(4, 5)
|	|	|------ 58(4, 6)
|	|	|------ 65(5, 4)
|	|	|------ 56(5, 5)
|	|	|------ 56(5, 6)
|	|	|------ 60(6, 0)
|	|	|------ 74(6, 1)
|	|	|------ 60(6, 4)
|	|	|------ 56(6, 5)
|	|	|------ 56(6, 6)
|	|------ 75(4, 5)
|	|	|------ 75(2, 5)
|	|	|------ 62(3, 5)
|	|	|------ 58(3, 6)
|	|	|------ 58(4, 6)
|	|	|------ 69(5, 4)
|	|	|------ 60(5, 5)
|	|	|------ 58(5, 6)
|	|	|------ 60(6, 0)
|	|	|------ 74(6, 1)
|	|	|------ 60(6, 4)
|	|	|------ 56(6, 5)
|	|	|------ 56(6, 6)
|	|------ 77(4, 6)
|	|	|------ 77(2, 5)
|	|	|------ 62(3, 5)
|	|	|------ 60(3, 6)
|	|	|------ 62(4, 5)
|	|	|------ 67(5, 4)
|	|	|------ 60(5, 5)
|	|	|------ 60(5, 6)
|	|	|------ 62(6, 0)
|	|	|------ 76(6, 1)
|	|	|------ 62(6, 4)
|	|	|------ 58(6, 5)
|	|	|------ 58(6, 6)
|	|------ 68(5, 4)
|	|	|------ 68(2, 5)
|	|	|------ 53(3, 5)
|	|	|------ 49(3, 6)
|	|	|------ 55(4, 5)
|	|	|------ 49(4, 6)
|	|	|------ 53(5, 5)
|	|	|------ 49(5, 6)
|	|	|------ 53(6, 0)
|	|	|------ 67(6, 1)
|	|	|------ 65(6, 4)
|	|	|------ 51(6, 5)
|	|	|------ 49(6, 6)
|	|------ 75(5, 5)
|	|	|------ 75(2, 5)
|	|	|------ 60(3, 5)
|	|	|------ 56(3, 6)
|	|	|------ 62(4, 5)
|	|	|------ 58(4, 6)
|	|	|------ 69(5, 4)
|	|	|------ 58(5, 6)
|	|	|------ 60(6, 0)
|	|	|------ 74(6, 1)
|	|	|------ 62(6, 4)
|	|	|------ 58(6, 5)
|	|	|------ 58(6, 6)
|	|------ 77(5, 6)
|	|	|------ 77(2, 5)
|	|	|------ 60(3, 5)
|	|	|------ 58(3, 6)
|	|	|------ 62(4, 5)
|	|	|------ 60(4, 6)
|	|	|------ 67(5, 4)
|	|	|------ 60(5, 5)
|	|	|------ 62(6, 0)
|	|	|------ 76(6, 1)
|	|	|------ 62(6, 4)
|	|	|------ 60(6, 5)
|	|	|------ 60(6, 6)
|	|------ 98(6, 0)
|	|	|------ 77(2, 5)
|	|	|------ 60(3, 5)
|	|	|------ 58(3, 6)
|	|	|------ 60(4, 5)
|	|	|------ 58(4, 6)
|	|	|------ 67(5, 4)
|	|	|------ 58(5, 5)
|	|	|------ 58(5, 6)
|	|	|------ 98(6, 1)
|	|	|------ 62(6, 4)
|	|	|------ 58(6, 5)
|	|	|------ 58(6, 6)
|	|------ 74(6, 1)
|	|	|------ 67(2, 5)
|	|	|------ 50(3, 5)
|	|	|------ 48(3, 6)
|	|	|------ 50(4, 5)
|	|	|------ 48(4, 6)
|	|	|------ 57(5, 4)
|	|	|------ 48(5, 5)
|	|	|------ 48(5, 6)
|	|	|------ 74(6, 0)
|	|	|------ 52(6, 4)
|	|	|------ 48(6, 5)
|	|	|------ 48(6, 6)
|	|------ 79(6, 4)
|	|	|------ 77(2, 5)
|	|	|------ 60(3, 5)
|	|	|------ 58(3, 6)
|	|	|------ 60(4, 5)
|	|	|------ 58(4, 6)
|	|	|------ 79(5, 4)
|	|	|------ 60(5, 5)
|	|	|------ 58(5, 6)
|	|	|------ 62(6, 0)
|	|	|------ 76(6, 1)
|	|	|------ 60(6, 5)
|	|	|------ 58(6, 6)
|	|------ 77(6, 5)
|	|	|------ 77(2, 5)
|	|	|------ 60(3, 5)
|	|	|------ 58(3, 6)
|	|	|------ 60(4, 5)
|	|	|------ 58(4, 6)
|	|	|------ 69(5, 4)
|	|	|------ 60(5, 5)
|	|	|------ 60(5, 6)
|	|	|------ 62(6, 0)
|	|	|------ 76(6, 1)
|	|	|------ 64(6, 4)
|	|	|------ 60(6, 6)
|	|------ 77(6, 6)
|	|	|------ 77(2, 5)
|	|	|------ 60(3, 5)
|	|	|------ 58(3, 6)
|	|	|------ 60(4, 5)
|	|	|------ 58(4, 6)
|	|	|------ 67(5, 4)
|	|	|------ 60(5, 5)
|	|	|------ 60(5, 6)
|	|	|------ 62(6, 0)
|	|	|------ 76(6, 1)
|	|	|------ 62(6, 4)
|	|	|------ 60(6, 5)
|------ 58(3, 5)
|	|------ 58(2, 5)
|	|	|------ 58(2, 6)
|	|	|------ 44(3, 6)
|	|	|------ 49(4, 5)
|	|	|------ 42(4, 6)
|	|	|------ 49(5, 4)
|	|	|------ 40(5, 5)
|	|	|------ 40(5, 6)
|	|	|------ 44(6, 0)
|	|	|------ 58(6, 1)
|	|	|------ 44(6, 4)
|	|	|------ 40(6, 5)
|	|	|------ 40(6, 6)
|	|------ 84(2, 6)
|	|	|------ 84(2, 5)
|	|	|------ 58(3, 6)
|	|	|------ 56(4, 5)
|	|	|------ 56(4, 6)
|	|	|------ 63(5, 4)
|	|	|------ 54(5, 5)
|	|	|------ 54(5, 6)
|	|	|------ 58(6, 0)
|	|	|------ 72(6, 1)
|	|	|------ 58(6, 4)
|	|	|------ 54(6, 5)
|	|	|------ 54(6, 6)
|	|------ 76(3, 6)
|	|	|------ 74(2, 5)
|	|	|------ 62(2, 6)
|	|	|------ 62(4, 5)
|	|	|------ 62(4, 6)
|	|	|------ 67(5, 4)
|	|	|------ 58(5, 5)
|	|	|------ 58(5, 6)
|	|	|------ 62(6, 0)
|	|	|------ 76(6, 1)
|	|	|------ 62(6, 4)
|	|	|------ 58(6, 5)
|	|	|------ 58(6, 6)
|	|------ 75(4, 5)
|	|	|------ 75(2, 5)
|	|	|------ 56(2, 6)
|	|	|------ 58(3, 6)
|	|	|------ 58(4, 6)
|	|	|------ 67(5, 4)
|	|	|------ 58(5, 5)
|	|	|------ 56(5, 6)
|	|	|------ 58(6, 0)
|	|	|------ 72(6, 1)
|	|	|------ 58(6, 4)
|	|	|------ 54(6, 5)
|	|	|------ 54(6, 6)
|	|------ 76(4, 6)
|	|	|------ 72(2, 5)
|	|	|------ 60(2, 6)
|	|	|------ 62(3, 6)
|	|	|------ 62(4, 5)
|	|	|------ 67(5, 4)
|	|	|------ 60(5, 5)
|	|	|------ 60(5, 6)
|	|	|------ 62(6, 0)
|	|	|------ 76(6, 1)
|	|	|------ 62(6, 4)
|	|	|------ 58(6, 5)
|	|	|------ 58(6, 6)
|	|------ 69(5, 4)
|	|	|------ 63(2, 5)
|	|	|------ 51(2, 6)
|	|	|------ 51(3, 6)
|	|	|------ 55(4, 5)
|	|	|------ 51(4, 6)
|	|	|------ 55(5, 5)
|	|	|------ 51(5, 6)
|	|	|------ 55(6, 0)
|	|	|------ 69(6, 1)
|	|	|------ 67(6, 4)
|	|	|------ 53(6, 5)
|	|	|------ 51(6, 6)
|	|------ 76(5, 5)
|	|	|------ 70(2, 5)
|	|	|------ 58(2, 6)
|	|	|------ 58(3, 6)
|	|	|------ 62(4, 5)
|	|	|------ 60(4, 6)
|	|	|------ 71(5, 4)
|	|	|------ 60(5, 6)
|	|	|------ 62(6, 0)
|	|	|------ 76(6, 1)
|	|	|------ 64(6, 4)
|	|	|------ 60(6, 5)
|	|	|------ 60(6, 6)
|	|------ 78(5, 6)
|	|	|------ 72(2, 5)
|	|	|------ 60(2, 6)
|	|	|------ 60(3, 6)
|	|	|------ 62(4, 5)
|	|	|------ 62(4, 6)
|	|	|------ 69(5, 4)
|	|	|------ 62(5, 5)
|	|	|------ 64(6, 0)
|	|	|------ 78(6, 1)
|	|	|------ 64(6, 4)
|	|	|------ 62(6, 5)
|	|	|------ 62(6, 6)
|	|------ 100(6, 0)
|	|	|------ 72(2, 5)
|	|	|------ 60(2, 6)
|	|	|------ 60(3, 6)
|	|	|------ 60(4, 5)
|	|	|------ 60(4, 6)
|	|	|------ 69(5, 4)
|	|	|------ 60(5, 5)
|	|	|------ 60(5, 6)
|	|	|------ 100(6, 1)
|	|	|------ 64(6, 4)
|	|	|------ 60(6, 5)
|	|	|------ 60(6, 6)
|	|------ 76(6, 1)
|	|	|------ 62(2, 5)
|	|	|------ 50(2, 6)
|	|	|------ 50(3, 6)
|	|	|------ 50(4, 5)
|	|	|------ 50(4, 6)
|	|	|------ 59(5, 4)
|	|	|------ 50(5, 5)
|	|	|------ 50(5, 6)
|	|	|------ 76(6, 0)
|	|	|------ 54(6, 4)
|	|	|------ 50(6, 5)
|	|	|------ 50(6, 6)
|	|------ 81(6, 4)
|	|	|------ 72(2, 5)
|	|	|------ 60(2, 6)
|	|	|------ 60(3, 6)
|	|	|------ 60(4, 5)
|	|	|------ 60(4, 6)
|	|	|------ 81(5, 4)
|	|	|------ 62(5, 5)
|	|	|------ 60(5, 6)
|	|	|------ 64(6, 0)
|	|	|------ 78(6, 1)
|	|	|------ 62(6, 5)
|	|	|------ 60(6, 6)
|	|------ 78(6, 5)
|	|	|------ 72(2, 5)
|	|	|------ 60(2, 6)
|	|	|------ 60(3, 6)
|	|	|------ 60(4, 5)
|	|	|------ 60(4, 6)
|	|	|------ 71(5, 4)
|	|	|------ 62(5, 5)
|	|	|------ 62(5, 6)
|	|	|------ 64(6, 0)
|	|	|------ 78(6, 1)
|	|	|------ 66(6, 4)
|	|	|------ 62(6, 6)
|	|------ 78(6, 6)
|	|	|------ 72(2, 5)
|	|	|------ 60(2, 6)
|	|	|------ 60(3, 6)
|	|	|------ 60(4, 5)
|	|	|------ 60(4, 6)
|	|	|------ 69(5, 4)
|	|	|------ 62(5, 5)
|	|	|------ 62(5, 6)
|	|	|------ 64(6, 0)
|	|	|------ 78(6, 1)
|	|	|------ 64(6, 4)
|	|	|------ 62(6, 5)
|------ 63(3, 6)
|	|------ 63(2, 5)
|	|	|------ 63(2, 6)
|	|	|------ 58(3, 5)
|	|	|------ 49(4, 5)
|	|	|------ 47(4, 6)
|	|	|------ 54(5, 4)
|	|	|------ 45(5, 5)
|	|	|------ 45(5, 6)
|	|	|------ 49(6, 0)
|	|	|------ 63(6, 1)
|	|	|------ 49(6, 4)
|	|	|------ 45(6, 5)
|	|	|------ 45(6, 6)
|	|------ 79(2, 6)
|	|	|------ 79(2, 5)
|	|	|------ 58(3, 5)
|	|	|------ 56(4, 5)
|	|	|------ 54(4, 6)
|	|	|------ 61(5, 4)
|	|	|------ 52(5, 5)
|	|	|------ 52(5, 6)
|	|	|------ 56(6, 0)
|	|	|------ 70(6, 1)
|	|	|------ 56(6, 4)
|	|	|------ 52(6, 5)
|	|	|------ 52(6, 6)
|	|------ 72(3, 5)
|	|	|------ 72(2, 5)
|	|	|------ 56(2, 6)
|	|	|------ 60(4, 5)
|	|	|------ 56(4, 6)
|	|	|------ 63(5, 4)
|	|	|------ 54(5, 5)
|	|	|------ 52(5, 6)
|	|	|------ 56(6, 0)
|	|	|------ 70(6, 1)
|	|	|------ 56(6, 4)
|	|	|------ 52(6, 5)
|	|	|------ 52(6, 6)
|	|------ 72(4, 5)
|	|	|------ 65(2, 5)
|	|	|------ 56(2, 6)
|	|	|------ 62(3, 5)
|	|	|------ 58(4, 6)
|	|	|------ 67(5, 4)
|	|	|------ 58(5, 5)
|	|	|------ 56(5, 6)
|	|	|------ 58(6, 0)
|	|	|------ 72(6, 1)
|	|	|------ 58(6, 4)
|	|	|------ 54(6, 5)
|	|	|------ 54(6, 6)
|	|------ 74(4, 6)
|	|	|------ 67(2, 5)
|	|	|------ 58(2, 6)
|	|	|------ 62(3, 5)
|	|	|------ 62(4, 5)
|	|	|------ 65(5, 4)
|	|	|------ 58(5, 5)
|	|	|------ 58(5, 6)
|	|	|------ 60(6, 0)
|	|	|------ 74(6, 1)
|	|	|------ 60(6, 4)
|	|	|------ 56(6, 5)
|	|	|------ 56(6, 6)
|	|------ 67(5, 4)
|	|	|------ 58(2, 5)
|	|	|------ 49(2, 6)
|	|	|------ 53(3, 5)
|	|	|------ 55(4, 5)
|	|	|------ 49(4, 6)
|	|	|------ 53(5, 5)
|	|	|------ 49(5, 6)
|	|	|------ 53(6, 0)
|	|	|------ 67(6, 1)
|	|	|------ 65(6, 4)
|	|	|------ 51(6, 5)
|	|	|------ 49(6, 6)
|	|------ 74(5, 5)
|	|	|------ 65(2, 5)
|	|	|------ 56(2, 6)
|	|	|------ 60(3, 5)
|	|	|------ 62(4, 5)
|	|	|------ 58(4, 6)
|	|	|------ 69(5, 4)
|	|	|------ 58(5, 6)
|	|	|------ 60(6, 0)
|	|	|------ 74(6, 1)
|	|	|------ 62(6, 4)
|	|	|------ 58(6, 5)
|	|	|------ 58(6, 6)
|	|------ 76(5, 6)
|	|	|------ 67(2, 5)
|	|	|------ 58(2, 6)
|	|	|------ 60(3, 5)
|	|	|------ 62(4, 5)
|	|	|------ 60(4, 6)
|	|	|------ 67(5, 4)
|	|	|------ 60(5, 5)
|	|	|------ 62(6, 0)
|	|	|------ 76(6, 1)
|	|	|------ 62(6, 4)
|	|	|------ 60(6, 5)
|	|	|------ 60(6, 6)
|	|------ 98(6, 0)
|	|	|------ 67(2, 5)
|	|	|------ 58(2, 6)
|	|	|------ 60(3, 5)
|	|	|------ 60(4, 5)
|	|	|------ 58(4, 6)
|	|	|------ 67(5, 4)
|	|	|------ 58(5, 5)
|	|	|------ 58(5, 6)
|	|	|------ 98(6, 1)
|	|	|------ 62(6, 4)
|	|	|------ 58(6, 5)
|	|	|------ 58(6, 6)
|	|------ 74(6, 1)
|	|	|------ 57(2, 5)
|	|	|------ 48(2, 6)
|	|	|------ 50(3, 5)
|	|	|------ 50(4, 5)
|	|	|------ 48(4, 6)
|	|	|------ 57(5, 4)
|	|	|------ 48(5, 5)
|	|	|------ 48(5, 6)
|	|	|------ 74(6, 0)
|	|	|------ 52(6, 4)
|	|	|------ 48(6, 5)
|	|	|------ 48(6, 6)
|	|------ 79(6, 4)
|	|	|------ 67(2, 5)
|	|	|------ 58(2, 6)
|	|	|------ 60(3, 5)
|	|	|------ 60(4, 5)
|	|	|------ 58(4, 6)
|	|	|------ 79(5, 4)
|	|	|------ 60(5, 5)
|	|	|------ 58(5, 6)
|	|	|------ 62(6, 0)
|	|	|------ 76(6, 1)
|	|	|------ 60(6, 5)
|	|	|------ 58(6, 6)
|	|------ 76(6, 5)
|	|	|------ 67(2, 5)
|	|	|------ 58(2, 6)
|	|	|------ 60(3, 5)
|	|	|------ 60(4, 5)
|	|	|------ 58(4, 6)
|	|	|------ 69(5, 4)
|	|	|------ 60(5, 5)
|	|	|------ 60(5, 6)
|	|	|------ 62(6, 0)
|	|	|------ 76(6, 1)
|	|	|------ 64(6, 4)
|	|	|------ 60(6, 6)
|	|------ 76(6, 6)
|	|	|------ 67(2, 5)
|	|	|------ 58(2, 6)
|	|	|------ 60(3, 5)
|	|	|------ 60(4, 5)
|	|	|------ 58(4, 6)
|	|	|------ 67(5, 4)
|	|	|------ 60(5, 5)
|	|	|------ 60(5, 6)
|	|	|------ 62(6, 0)
|	|	|------ 76(6, 1)
|	|	|------ 62(6, 4)
|	|	|------ 60(6, 5)
|------ 65(4, 5)
|	|------ 65(2, 5)
|	|	|------ 63(2, 6)
|	|	|------ 63(3, 5)
|	|	|------ 49(3, 6)
|	|	|------ 47(4, 6)
|	|	|------ 56(5, 4)
|	|	|------ 47(5, 5)
|	|	|------ 47(5, 6)
|	|	|------ 51(6, 0)
|	|	|------ 65(6, 1)
|	|	|------ 51(6, 4)
|	|	|------ 47(6, 5)
|	|	|------ 47(6, 6)
|	|------ 79(2, 6)
|	|	|------ 79(2, 5)
|	|	|------ 58(3, 5)
|	|	|------ 58(3, 6)
|	|	|------ 56(4, 6)
|	|	|------ 65(5, 4)
|	|	|------ 56(5, 5)
|	|	|------ 56(5, 6)
|	|	|------ 60(6, 0)
|	|	|------ 74(6, 1)
|	|	|------ 60(6, 4)
|	|	|------ 56(6, 5)
|	|	|------ 56(6, 6)
|	|------ 75(3, 5)
|	|	|------ 75(2, 5)
|	|	|------ 54(2, 6)
|	|	|------ 56(3, 6)
|	|	|------ 56(4, 6)
|	|	|------ 65(5, 4)
|	|	|------ 56(5, 5)
|	|	|------ 54(5, 6)
|	|	|------ 56(6, 0)
|	|	|------ 70(6, 1)
|	|	|------ 56(6, 4)
|	|	|------ 52(6, 5)
|	|	|------ 52(6, 6)
|	|------ 76(3, 6)
|	|	|------ 67(2, 5)
|	|	|------ 60(2, 6)
|	|	|------ 62(3, 5)
|	|	|------ 62(4, 6)
|	|	|------ 69(5, 4)
|	|	|------ 60(5, 5)
|	|	|------ 60(5, 6)
|	|	|------ 62(6, 0)
|	|	|------ 76(6, 1)
|	|	|------ 62(6, 4)
|	|	|------ 58(6, 5)
|	|	|------ 58(6, 6)
|	|------ 76(4, 6)
|	|	|------ 65(2, 5)
|	|	|------ 58(2, 6)
|	|	|------ 62(3, 5)
|	|	|------ 62(3, 6)
|	|	|------ 69(5, 4)
|	|	|------ 62(5, 5)
|	|	|------ 62(5, 6)
|	|	|------ 62(6, 0)
|	|	|------ 76(6, 1)
|	|	|------ 62(6, 4)
|	|	|------ 58(6, 5)
|	|	|------ 58(6, 6)
|	|------ 67(5, 4)
|	|	|------ 56(2, 5)
|	|	|------ 49(2, 6)
|	|	|------ 53(3, 5)
|	|	|------ 51(3, 6)
|	|	|------ 51(4, 6)
|	|	|------ 55(5, 5)
|	|	|------ 51(5, 6)
|	|	|------ 53(6, 0)
|	|	|------ 67(6, 1)
|	|	|------ 65(6, 4)
|	|	|------ 51(6, 5)
|	|	|------ 49(6, 6)
|	|------ 74(5, 5)
|	|	|------ 63(2, 5)
|	|	|------ 56(2, 6)
|	|	|------ 60(3, 5)
|	|	|------ 58(3, 6)
|	|	|------ 60(4, 6)
|	|	|------ 71(5, 4)
|	|	|------ 60(5, 6)
|	|	|------ 60(6, 0)
|	|	|------ 74(6, 1)
|	|	|------ 62(6, 4)
|	|	|------ 58(6, 5)
|	|	|------ 58(6, 6)
|	|------ 76(5, 6)
|	|	|------ 65(2, 5)
|	|	|------ 58(2, 6)
|	|	|------ 60(3, 5)
|	|	|------ 60(3, 6)
|	|	|------ 62(4, 6)
|	|	|------ 69(5, 4)
|	|	|------ 62(5, 5)
|	|	|------ 62(6, 0)
|	|	|------ 76(6, 1)
|	|	|------ 62(6, 4)
|	|	|------ 60(6, 5)
|	|	|------ 60(6, 6)
|	|------ 100(6, 0)
|	|	|------ 67(2, 5)
|	|	|------ 60(2, 6)
|	|	|------ 60(3, 5)
|	|	|------ 60(3, 6)
|	|	|------ 60(4, 6)
|	|	|------ 69(5, 4)
|	|	|------ 60(5, 5)
|	|	|------ 60(5, 6)
|	|	|------ 100(6, 1)
|	|	|------ 64(6, 4)
|	|	|------ 60(6, 5)
|	|	|------ 60(6, 6)
|	|------ 76(6, 1)
|	|	|------ 57(2, 5)
|	|	|------ 50(2, 6)
|	|	|------ 50(3, 5)
|	|	|------ 50(3, 6)
|	|	|------ 50(4, 6)
|	|	|------ 59(5, 4)
|	|	|------ 50(5, 5)
|	|	|------ 50(5, 6)
|	|	|------ 76(6, 0)
|	|	|------ 54(6, 4)
|	|	|------ 50(6, 5)
|	|	|------ 50(6, 6)
|	|------ 81(6, 4)
|	|	|------ 67(2, 5)
|	|	|------ 60(2, 6)
|	|	|------ 60(3, 5)
|	|	|------ 60(3, 6)
|	|	|------ 60(4, 6)
|	|	|------ 81(5, 4)
|	|	|------ 62(5, 5)
|	|	|------ 60(5, 6)
|	|	|------ 64(6, 0)
|	|	|------ 78(6, 1)
|	|	|------ 62(6, 5)
|	|	|------ 60(6, 6)
|	|------ 78(6, 5)
|	|	|------ 67(2, 5)
|	|	|------ 60(2, 6)
|	|	|------ 60(3, 5)
|	|	|------ 60(3, 6)
|	|	|------ 60(4, 6)
|	|	|------ 71(5, 4)
|	|	|------ 62(5, 5)
|	|	|------ 62(5, 6)
|	|	|------ 64(6, 0)
|	|	|------ 78(6, 1)
|	|	|------ 66(6, 4)
|	|	|------ 62(6, 6)
|	|------ 78(6, 6)
|	|	|------ 67(2, 5)
|	|	|------ 60(2, 6)
|	|	|------ 60(3, 5)
|	|	|------ 60(3, 6)
|	|	|------ 60(4, 6)
|	|	|------ 69(5, 4)
|	|	|------ 62(5, 5)
|	|	|------ 62(5, 6)
|	|	|------ 64(6, 0)
|	|	|------ 78(6, 1)
|	|	|------ 64(6, 4)
|	|	|------ 62(6, 5)
|------ 65(4, 6)
|	|------ 65(2, 5)
|	|	|------ 63(2, 6)
|	|	|------ 58(3, 5)
|	|	|------ 49(3, 6)
|	|	|------ 49(4, 5)
|	|	|------ 56(5, 4)
|	|	|------ 47(5, 5)
|	|	|------ 47(5, 6)
|	|	|------ 51(6, 0)
|	|	|------ 65(6, 1)
|	|	|------ 51(6, 4)
|	|	|------ 47(6, 5)
|	|	|------ 47(6, 6)
|	|------ 79(2, 6)
|	|	|------ 79(2, 5)
|	|	|------ 58(3, 5)
|	|	|------ 56(3, 6)
|	|	|------ 56(4, 5)
|	|	|------ 63(5, 4)
|	|	|------ 54(5, 5)
|	|	|------ 54(5, 6)
|	|	|------ 58(6, 0)
|	|	|------ 72(6, 1)
|	|	|------ 58(6, 4)
|	|	|------ 54(6, 5)
|	|	|------ 54(6, 6)
|	|------ 70(3, 5)
|	|	|------ 70(2, 5)
|	|	|------ 54(2, 6)
|	|	|------ 56(3, 6)
|	|	|------ 60(4, 5)
|	|	|------ 63(5, 4)
|	|	|------ 56(5, 5)
|	|	|------ 54(5, 6)
|	|	|------ 56(6, 0)
|	|	|------ 70(6, 1)
|	|	|------ 56(6, 4)
|	|	|------ 52(6, 5)
|	|	|------ 52(6, 6)
|	|------ 74(3, 6)
|	|	|------ 67(2, 5)
|	|	|------ 58(2, 6)
|	|	|------ 62(3, 5)
|	|	|------ 62(4, 5)
|	|	|------ 65(5, 4)
|	|	|------ 58(5, 5)
|	|	|------ 58(5, 6)
|	|	|------ 60(6, 0)
|	|	|------ 74(6, 1)
|	|	|------ 60(6, 4)
|	|	|------ 56(6, 5)
|	|	|------ 56(6, 6)
|	|------ 72(4, 5)
|	|	|------ 63(2, 5)
|	|	|------ 54(2, 6)
|	|	|------ 62(3, 5)
|	|	|------ 58(3, 6)
|	|	|------ 67(5, 4)
|	|	|------ 60(5, 5)
|	|	|------ 58(5, 6)
|	|	|------ 58(6, 0)
|	|	|------ 72(6, 1)
|	|	|------ 58(6, 4)
|	|	|------ 54(6, 5)
|	|	|------ 54(6, 6)
|	|------ 67(5, 4)
|	|	|------ 58(2, 5)
|	|	|------ 49(2, 6)
|	|	|------ 53(3, 5)
|	|	|------ 49(3, 6)
|	|	|------ 55(4, 5)
|	|	|------ 53(5, 5)
|	|	|------ 49(5, 6)
|	|	|------ 53(6, 0)
|	|	|------ 67(6, 1)
|	|	|------ 65(6, 4)
|	|	|------ 51(6, 5)
|	|	|------ 49(6, 6)
|	|------ 72(5, 5)
|	|	|------ 63(2, 5)
|	|	|------ 54(2, 6)
|	|	|------ 60(3, 5)
|	|	|------ 56(3, 6)
|	|	|------ 62(4, 5)
|	|	|------ 67(5, 4)
|	|	|------ 58(5, 6)
|	|	|------ 58(6, 0)
|	|	|------ 72(6, 1)
|	|	|------ 60(6, 4)
|	|	|------ 56(6, 5)
|	|	|------ 56(6, 6)
|	|------ 74(5, 6)
|	|	|------ 65(2, 5)
|	|	|------ 56(2, 6)
|	|	|------ 60(3, 5)
|	|	|------ 58(3, 6)
|	|	|------ 62(4, 5)
|	|	|------ 65(5, 4)
|	|	|------ 60(5, 5)
|	|	|------ 60(6, 0)
|	|	|------ 74(6, 1)
|	|	|------ 60(6, 4)
|	|	|------ 58(6, 5)
|	|	|------ 58(6, 6)
|	|------ 98(6, 0)
|	|	|------ 67(2, 5)
|	|	|------ 58(2, 6)
|	|	|------ 60(3, 5)
|	|	|------ 58(3, 6)
|	|	|------ 60(4, 5)
|	|	|------ 67(5, 4)
|	|	|------ 58(5, 5)
|	|	|------ 58(5, 6)
|	|	|------ 98(6, 1)
|	|	|------ 62(6, 4)
|	|	|------ 58(6, 5)
|	|	|------ 58(6, 6)
|	|------ 74(6, 1)
|	|	|------ 57(2, 5)
|	|	|------ 48(2, 6)
|	|	|------ 50(3, 5)
|	|	|------ 48(3, 6)
|	|	|------ 50(4, 5)
|	|	|------ 57(5, 4)
|	|	|------ 48(5, 5)
|	|	|------ 48(5, 6)
|	|	|------ 74(6, 0)
|	|	|------ 52(6, 4)
|	|	|------ 48(6, 5)
|	|	|------ 48(6, 6)
|	|------ 79(6, 4)
|	|	|------ 67(2, 5)
|	|	|------ 58(2, 6)
|	|	|------ 60(3, 5)
|	|	|------ 58(3, 6)
|	|	|------ 60(4, 5)
|	|	|------ 79(5, 4)
|	|	|------ 60(5, 5)
|	|	|------ 58(5, 6)
|	|	|------ 62(6, 0)
|	|	|------ 76(6, 1)
|	|	|------ 60(6, 5)
|	|	|------ 58(6, 6)
|	|------ 76(6, 5)
|	|	|------ 67(2, 5)
|	|	|------ 58(2, 6)
|	|	|------ 60(3, 5)
|	|	|------ 58(3, 6)
|	|	|------ 60(4, 5)
|	|	|------ 69(5, 4)
|	|	|------ 60(5, 5)
|	|	|------ 60(5, 6)
|	|	|------ 62(6, 0)
|	|	|------ 76(6, 1)
|	|	|------ 64(6, 4)
|	|	|------ 60(6, 6)
|	|------ 76(6, 6)
|	|	|------ 67(2, 5)
|	|	|------ 58(2, 6)
|	|	|------ 60(3, 5)
|	|	|------ 58(3, 6)
|	|	|------ 60(4, 5)
|	|	|------ 67(5, 4)
|	|	|------ 60(5, 5)
|	|	|------ 60(5, 6)
|	|	|------ 62(6, 0)
|	|	|------ 76(6, 1)
|	|	|------ 62(6, 4)
|	|	|------ 60(6, 5)
|------ 69(5, 4)
|	|------ 74(2, 5)
|	|	|------ 72(2, 6)
|	|	|------ 67(3, 5)
|	|	|------ 58(3, 6)
|	|	|------ 58(4, 5)
|	|	|------ 56(4, 6)
|	|	|------ 56(5, 5)
|	|	|------ 56(5, 6)
|	|	|------ 60(6, 0)
|	|	|------ 74(6, 1)
|	|	|------ 66(6, 4)
|	|	|------ 56(6, 5)
|	|	|------ 56(6, 6)
|	|------ 88(2, 6)
|	|	|------ 88(2, 5)
|	|	|------ 67(3, 5)
|	|	|------ 65(3, 6)
|	|	|------ 65(4, 5)
|	|	|------ 63(4, 6)
|	|	|------ 63(5, 5)
|	|	|------ 63(5, 6)
|	|	|------ 67(6, 0)
|	|	|------ 81(6, 1)
|	|	|------ 73(6, 4)
|	|	|------ 63(6, 5)
|	|	|------ 63(6, 6)
|	|------ 81(3, 5)
|	|	|------ 81(2, 5)
|	|	|------ 65(2, 6)
|	|	|------ 65(3, 6)
|	|	|------ 69(4, 5)
|	|	|------ 65(4, 6)
|	|	|------ 65(5, 5)
|	|	|------ 63(5, 6)
|	|	|------ 67(6, 0)
|	|	|------ 81(6, 1)
|	|	|------ 73(6, 4)
|	|	|------ 63(6, 5)
|	|	|------ 63(6, 6)
|	|------ 85(3, 6)
|	|	|------ 78(2, 5)
|	|	|------ 69(2, 6)
|	|	|------ 71(3, 5)
|	|	|------ 71(4, 5)
|	|	|------ 69(4, 6)
|	|	|------ 67(5, 5)
|	|	|------ 67(5, 6)
|	|	|------ 71(6, 0)
|	|	|------ 85(6, 1)
|	|	|------ 77(6, 4)
|	|	|------ 67(6, 5)
|	|	|------ 67(6, 6)
|	|------ 81(4, 5)
|	|	|------ 72(2, 5)
|	|	|------ 63(2, 6)
|	|	|------ 69(3, 5)
|	|	|------ 65(3, 6)
|	|	|------ 65(4, 6)
|	|	|------ 69(5, 5)
|	|	|------ 65(5, 6)
|	|	|------ 67(6, 0)
|	|	|------ 81(6, 1)
|	|	|------ 75(6, 4)
|	|	|------ 65(6, 5)
|	|	|------ 63(6, 6)
|	|------ 85(4, 6)
|	|	|------ 76(2, 5)
|	|	|------ 67(2, 6)
|	|	|------ 71(3, 5)
|	|	|------ 69(3, 6)
|	|	|------ 71(4, 5)
|	|	|------ 69(5, 5)
|	|	|------ 69(5, 6)
|	|	|------ 71(6, 0)
|	|	|------ 85(6, 1)
|	|	|------ 77(6, 4)
|	|	|------ 67(6, 5)
|	|	|------ 67(6, 6)
|	|------ 81(5, 5)
|	|	|------ 72(2, 5)
|	|	|------ 63(2, 6)
|	|	|------ 67(3, 5)
|	|	|------ 63(3, 6)
|	|	|------ 71(4, 5)
|	|	|------ 65(4, 6)
|	|	|------ 65(5, 6)
|	|	|------ 67(6, 0)
|	|	|------ 81(6, 1)
|	|	|------ 77(6, 4)
|	|	|------ 67(6, 5)
|	|	|------ 65(6, 6)
|	|------ 85(5, 6)
|	|	|------ 76(2, 5)
|	|	|------ 67(2, 6)
|	|	|------ 69(3, 5)
|	|	|------ 67(3, 6)
|	|	|------ 71(4, 5)
|	|	|------ 69(4, 6)
|	|	|------ 69(5, 5)
|	|	|------ 71(6, 0)
|	|	|------ 85(6, 1)
|	|	|------ 77(6, 4)
|	|	|------ 69(6, 5)
|	|	|------ 69(6, 6)
|	|------ 107(6, 0)
|	|	|------ 76(2, 5)
|	|	|------ 67(2, 6)
|	|	|------ 69(3, 5)
|	|	|------ 67(3, 6)
|	|	|------ 69(4, 5)
|	|	|------ 67(4, 6)
|	|	|------ 67(5, 5)
|	|	|------ 67(5, 6)
|	|	|------ 107(6, 1)
|	|	|------ 77(6, 4)
|	|	|------ 67(6, 5)
|	|	|------ 67(6, 6)
|	|------ 83(6, 1)
|	|	|------ 66(2, 5)
|	|	|------ 57(2, 6)
|	|	|------ 59(3, 5)
|	|	|------ 57(3, 6)
|	|	|------ 59(4, 5)
|	|	|------ 57(4, 6)
|	|	|------ 57(5, 5)
|	|	|------ 57(5, 6)
|	|	|------ 83(6, 0)
|	|	|------ 67(6, 4)
|	|	|------ 57(6, 5)
|	|	|------ 57(6, 6)
|	|------ 69(6, 4)
|	|	|------ 60(2, 5)
|	|	|------ 51(2, 6)
|	|	|------ 53(3, 5)
|	|	|------ 51(3, 6)
|	|	|------ 55(4, 5)
|	|	|------ 51(4, 6)
|	|	|------ 55(5, 5)
|	|	|------ 51(5, 6)
|	|	|------ 55(6, 0)
|	|	|------ 69(6, 1)
|	|	|------ 55(6, 5)
|	|	|------ 51(6, 6)
|	|------ 83(6, 5)
|	|	|------ 74(2, 5)
|	|	|------ 65(2, 6)
|	|	|------ 67(3, 5)
|	|	|------ 65(3, 6)
|	|	|------ 69(4, 5)
|	|	|------ 65(4, 6)
|	|	|------ 69(5, 5)
|	|	|------ 67(5, 6)
|	|	|------ 69(6, 0)
|	|	|------ 83(6, 1)
|	|	|------ 79(6, 4)
|	|	|------ 67(6, 6)
|	|------ 85(6, 6)
|	|	|------ 76(2, 5)
|	|	|------ 67(2, 6)
|	|	|------ 69(3, 5)
|	|	|------ 67(3, 6)
|	|	|------ 69(4, 5)
|	|	|------ 67(4, 6)
|	|	|------ 69(5, 5)
|	|	|------ 69(5, 6)
|	|	|------ 71(6, 0)
|	|	|------ 85(6, 1)
|	|	|------ 77(6, 4)
|	|	|------ 69(6, 5)
|------ 65(5, 5)
|	|------ 65(2, 5)
|	|	|------ 63(2, 6)
|	|	|------ 58(3, 5)
|	|	|------ 49(3, 6)
|	|	|------ 49(4, 5)
|	|	|------ 47(4, 6)
|	|	|------ 56(5, 4)
|	|	|------ 47(5, 6)
|	|	|------ 51(6, 0)
|	|	|------ 65(6, 1)
|	|	|------ 51(6, 4)
|	|	|------ 47(6, 5)
|	|	|------ 47(6, 6)
|	|------ 79(2, 6)
|	|	|------ 79(2, 5)
|	|	|------ 58(3, 5)
|	|	|------ 56(3, 6)
|	|	|------ 56(4, 5)
|	|	|------ 54(4, 6)
|	|	|------ 63(5, 4)
|	|	|------ 54(5, 6)
|	|	|------ 58(6, 0)
|	|	|------ 72(6, 1)
|	|	|------ 58(6, 4)
|	|	|------ 54(6, 5)
|	|	|------ 54(6, 6)
|	|------ 72(3, 5)
|	|	|------ 72(2, 5)
|	|	|------ 56(2, 6)
|	|	|------ 56(3, 6)
|	|	|------ 60(4, 5)
|	|	|------ 56(4, 6)
|	|	|------ 65(5, 4)
|	|	|------ 54(5, 6)
|	|	|------ 58(6, 0)
|	|	|------ 72(6, 1)
|	|	|------ 58(6, 4)
|	|	|------ 54(6, 5)
|	|	|------ 54(6, 6)
|	|------ 76(3, 6)
|	|	|------ 69(2, 5)
|	|	|------ 60(2, 6)
|	|	|------ 62(3, 5)
|	|	|------ 62(4, 5)
|	|	|------ 60(4, 6)
|	|	|------ 67(5, 4)
|	|	|------ 58(5, 6)
|	|	|------ 62(6, 0)
|	|	|------ 76(6, 1)
|	|	|------ 62(6, 4)
|	|	|------ 58(6, 5)
|	|	|------ 58(6, 6)
|	|------ 72(4, 5)
|	|	|------ 63(2, 5)
|	|	|------ 54(2, 6)
|	|	|------ 60(3, 5)
|	|	|------ 56(3, 6)
|	|	|------ 58(4, 6)
|	|	|------ 69(5, 4)
|	|	|------ 58(5, 6)
|	|	|------ 58(6, 0)
|	|	|------ 72(6, 1)
|	|	|------ 60(6, 4)
|	|	|------ 56(6, 5)
|	|	|------ 56(6, 6)
|	|------ 74(4, 6)
|	|	|------ 65(2, 5)
|	|	|------ 56(2, 6)
|	|	|------ 60(3, 5)
|	|	|------ 58(3, 6)
|	|	|------ 62(4, 5)
|	|	|------ 67(5, 4)
|	|	|------ 60(5, 6)
|	|	|------ 60(6, 0)
|	|	|------ 74(6, 1)
|	|	|------ 62(6, 4)
|	|	|------ 58(6, 5)
|	|	|------ 58(6, 6)
|	|------ 65(5, 4)
|	|	|------ 56(2, 5)
|	|	|------ 47(2, 6)
|	|	|------ 51(3, 5)
|	|	|------ 47(3, 6)
|	|	|------ 55(4, 5)
|	|	|------ 49(4, 6)
|	|	|------ 49(5, 6)
|	|	|------ 51(6, 0)
|	|	|------ 65(6, 1)
|	|	|------ 65(6, 4)
|	|	|------ 51(6, 5)
|	|	|------ 49(6, 6)
|	|------ 74(5, 6)
|	|	|------ 65(2, 5)
|	|	|------ 56(2, 6)
|	|	|------ 58(3, 5)
|	|	|------ 56(3, 6)
|	|	|------ 62(4, 5)
|	|	|------ 60(4, 6)
|	|	|------ 67(5, 4)
|	|	|------ 60(6, 0)
|	|	|------ 74(6, 1)
|	|	|------ 62(6, 4)
|	|	|------ 60(6, 5)
|	|	|------ 60(6, 6)
|	|------ 98(6, 0)
|	|	|------ 67(2, 5)
|	|	|------ 58(2, 6)
|	|	|------ 60(3, 5)
|	|	|------ 58(3, 6)
|	|	|------ 60(4, 5)
|	|	|------ 58(4, 6)
|	|	|------ 67(5, 4)
|	|	|------ 58(5, 6)
|	|	|------ 98(6, 1)
|	|	|------ 62(6, 4)
|	|	|------ 58(6, 5)
|	|	|------ 58(6, 6)
|	|------ 74(6, 1)
|	|	|------ 57(2, 5)
|	|	|------ 48(2, 6)
|	|	|------ 50(3, 5)
|	|	|------ 48(3, 6)
|	|	|------ 50(4, 5)
|	|	|------ 48(4, 6)
|	|	|------ 57(5, 4)
|	|	|------ 48(5, 6)
|	|	|------ 74(6, 0)
|	|	|------ 52(6, 4)
|	|	|------ 48(6, 5)
|	|	|------ 48(6, 6)
|	|------ 79(6, 4)
|	|	|------ 65(2, 5)
|	|	|------ 56(2, 6)
|	|	|------ 58(3, 5)
|	|	|------ 56(3, 6)
|	|	|------ 60(4, 5)
|	|	|------ 58(4, 6)
|	|	|------ 79(5, 4)
|	|	|------ 58(5, 6)
|	|	|------ 60(6, 0)
|	|	|------ 74(6, 1)
|	|	|------ 60(6, 5)
|	|	|------ 58(6, 6)
|	|------ 74(6, 5)
|	|	|------ 65(2, 5)
|	|	|------ 56(2, 6)
|	|	|------ 58(3, 5)
|	|	|------ 56(3, 6)
|	|	|------ 60(4, 5)
|	|	|------ 58(4, 6)
|	|	|------ 69(5, 4)
|	|	|------ 60(5, 6)
|	|	|------ 60(6, 0)
|	|	|------ 74(6, 1)
|	|	|------ 64(6, 4)
|	|	|------ 60(6, 6)
|	|------ 74(6, 6)
|	|	|------ 65(2, 5)
|	|	|------ 56(2, 6)
|	|	|------ 58(3, 5)
|	|	|------ 56(3, 6)
|	|	|------ 60(4, 5)
|	|	|------ 58(4, 6)
|	|	|------ 67(5, 4)
|	|	|------ 60(5, 6)
|	|	|------ 60(6, 0)
|	|	|------ 74(6, 1)
|	|	|------ 62(6, 4)
|	|	|------ 60(6, 5)
|------ 65(5, 6)
|	|------ 65(2, 5)
|	|	|------ 63(2, 6)
|	|	|------ 58(3, 5)
|	|	|------ 49(3, 6)
|	|	|------ 49(4, 5)
|	|	|------ 47(4, 6)
|	|	|------ 56(5, 4)
|	|	|------ 47(5, 5)
|	|	|------ 51(6, 0)
|	|	|------ 65(6, 1)
|	|	|------ 51(6, 4)
|	|	|------ 47(6, 5)
|	|	|------ 47(6, 6)
|	|------ 79(2, 6)
|	|	|------ 79(2, 5)
|	|	|------ 58(3, 5)
|	|	|------ 56(3, 6)
|	|	|------ 56(4, 5)
|	|	|------ 54(4, 6)
|	|	|------ 63(5, 4)
|	|	|------ 54(5, 5)
|	|	|------ 58(6, 0)
|	|	|------ 72(6, 1)
|	|	|------ 58(6, 4)
|	|	|------ 54(6, 5)
|	|	|------ 54(6, 6)
|	|------ 72(3, 5)
|	|	|------ 72(2, 5)
|	|	|------ 56(2, 6)
|	|	|------ 56(3, 6)
|	|	|------ 60(4, 5)
|	|	|------ 56(4, 6)
|	|	|------ 65(5, 4)
|	|	|------ 56(5, 5)
|	|	|------ 58(6, 0)
|	|	|------ 72(6, 1)
|	|	|------ 58(6, 4)
|	|	|------ 54(6, 5)
|	|	|------ 54(6, 6)
|	|------ 76(3, 6)
|	|	|------ 69(2, 5)
|	|	|------ 60(2, 6)
|	|	|------ 62(3, 5)
|	|	|------ 62(4, 5)
|	|	|------ 60(4, 6)
|	|	|------ 67(5, 4)
|	|	|------ 58(5, 5)
|	|	|------ 62(6, 0)
|	|	|------ 76(6, 1)
|	|	|------ 62(6, 4)
|	|	|------ 58(6, 5)
|	|	|------ 58(6, 6)
|	|------ 72(4, 5)
|	|	|------ 63(2, 5)
|	|	|------ 54(2, 6)
|	|	|------ 60(3, 5)
|	|	|------ 56(3, 6)
|	|	|------ 58(4, 6)
|	|	|------ 67(5, 4)
|	|	|------ 60(5, 5)
|	|	|------ 58(6, 0)
|	|	|------ 72(6, 1)
|	|	|------ 58(6, 4)
|	|	|------ 56(6, 5)
|	|	|------ 56(6, 6)
|	|------ 74(4, 6)
|	|	|------ 65(2, 5)
|	|	|------ 56(2, 6)
|	|	|------ 60(3, 5)
|	|	|------ 58(3, 6)
|	|	|------ 62(4, 5)
|	|	|------ 65(5, 4)
|	|	|------ 60(5, 5)
|	|	|------ 60(6, 0)
|	|	|------ 74(6, 1)
|	|	|------ 60(6, 4)
|	|	|------ 58(6, 5)
|	|	|------ 58(6, 6)
|	|------ 67(5, 4)
|	|	|------ 58(2, 5)
|	|	|------ 49(2, 6)
|	|	|------ 53(3, 5)
|	|	|------ 49(3, 6)
|	|	|------ 55(4, 5)
|	|	|------ 49(4, 6)
|	|	|------ 53(5, 5)
|	|	|------ 53(6, 0)
|	|	|------ 67(6, 1)
|	|	|------ 65(6, 4)
|	|	|------ 51(6, 5)
|	|	|------ 49(6, 6)
|	|------ 72(5, 5)
|	|	|------ 63(2, 5)
|	|	|------ 54(2, 6)
|	|	|------ 58(3, 5)
|	|	|------ 54(3, 6)
|	|	|------ 62(4, 5)
|	|	|------ 58(4, 6)
|	|	|------ 67(5, 4)
|	|	|------ 58(6, 0)
|	|	|------ 72(6, 1)
|	|	|------ 60(6, 4)
|	|	|------ 58(6, 5)
|	|	|------ 58(6, 6)
|	|------ 98(6, 0)
|	|	|------ 67(2, 5)
|	|	|------ 58(2, 6)
|	|	|------ 60(3, 5)
|	|	|------ 58(3, 6)
|	|	|------ 60(4, 5)
|	|	|------ 58(4, 6)
|	|	|------ 67(5, 4)
|	|	|------ 58(5, 5)
|	|	|------ 98(6, 1)
|	|	|------ 62(6, 4)
|	|	|------ 58(6, 5)
|	|	|------ 58(6, 6)
|	|------ 74(6, 1)
|	|	|------ 57(2, 5)
|	|	|------ 48(2, 6)
|	|	|------ 50(3, 5)
|	|	|------ 48(3, 6)
|	|	|------ 50(4, 5)
|	|	|------ 48(4, 6)
|	|	|------ 57(5, 4)
|	|	|------ 48(5, 5)
|	|	|------ 74(6, 0)
|	|	|------ 52(6, 4)
|	|	|------ 48(6, 5)
|	|	|------ 48(6, 6)
|	|------ 79(6, 4)
|	|	|------ 67(2, 5)
|	|	|------ 58(2, 6)
|	|	|------ 60(3, 5)
|	|	|------ 58(3, 6)
|	|	|------ 60(4, 5)
|	|	|------ 58(4, 6)
|	|	|------ 79(5, 4)
|	|	|------ 60(5, 5)
|	|	|------ 62(6, 0)
|	|	|------ 76(6, 1)
|	|	|------ 60(6, 5)
|	|	|------ 58(6, 6)
|	|------ 74(6, 5)
|	|	|------ 65(2, 5)
|	|	|------ 56(2, 6)
|	|	|------ 58(3, 5)
|	|	|------ 56(3, 6)
|	|	|------ 60(4, 5)
|	|	|------ 58(4, 6)
|	|	|------ 67(5, 4)
|	|	|------ 60(5, 5)
|	|	|------ 60(6, 0)
|	|	|------ 74(6, 1)
|	|	|------ 62(6, 4)
|	|	|------ 60(6, 6)
|	|------ 74(6, 6)
|	|	|------ 65(2, 5)
|	|	|------ 56(2, 6)
|	|	|------ 58(3, 5)
|	|	|------ 56(3, 6)
|	|	|------ 60(4, 5)
|	|	|------ 58(4, 6)
|	|	|------ 65(5, 4)
|	|	|------ 60(5, 5)
|	|	|------ 60(6, 0)
|	|	|------ 74(6, 1)
|	|	|------ 60(6, 4)
|	|	|------ 60(6, 5)
|------ 35(6, 0)
|	|------ 85(2, 5)
|	|	|------ 67(2, 6)
|	|	|------ 62(3, 5)
|	|	|------ 53(3, 6)
|	|	|------ 53(4, 5)
|	|	|------ 51(4, 6)
|	|	|------ 60(5, 4)
|	|	|------ 51(5, 5)
|	|	|------ 51(5, 6)
|	|	|------ 85(6, 1)
|	|	|------ 55(6, 4)
|	|	|------ 51(6, 5)
|	|	|------ 51(6, 6)
|	|------ 92(2, 6)
|	|	|------ 83(2, 5)
|	|	|------ 62(3, 5)
|	|	|------ 60(3, 6)
|	|	|------ 60(4, 5)
|	|	|------ 58(4, 6)
|	|	|------ 67(5, 4)
|	|	|------ 58(5, 5)
|	|	|------ 58(5, 6)
|	|	|------ 92(6, 1)
|	|	|------ 62(6, 4)
|	|	|------ 58(6, 5)
|	|	|------ 58(6, 6)
|	|------ 92(3, 5)
|	|	|------ 76(2, 5)
|	|	|------ 60(2, 6)
|	|	|------ 60(3, 6)
|	|	|------ 64(4, 5)
|	|	|------ 60(4, 6)
|	|	|------ 69(5, 4)
|	|	|------ 60(5, 5)
|	|	|------ 58(5, 6)
|	|	|------ 92(6, 1)
|	|	|------ 62(6, 4)
|	|	|------ 58(6, 5)
|	|	|------ 58(6, 6)
|	|------ 96(3, 6)
|	|	|------ 73(2, 5)
|	|	|------ 64(2, 6)
|	|	|------ 66(3, 5)
|	|	|------ 66(4, 5)
|	|	|------ 64(4, 6)
|	|	|------ 71(5, 4)
|	|	|------ 62(5, 5)
|	|	|------ 62(5, 6)
|	|	|------ 96(6, 1)
|	|	|------ 66(6, 4)
|	|	|------ 62(6, 5)
|	|	|------ 62(6, 6)
|	|------ 94(4, 5)
|	|	|------ 69(2, 5)
|	|	|------ 60(2, 6)
|	|	|------ 66(3, 5)
|	|	|------ 62(3, 6)
|	|	|------ 62(4, 6)
|	|	|------ 73(5, 4)
|	|	|------ 64(5, 5)
|	|	|------ 62(5, 6)
|	|	|------ 94(6, 1)
|	|	|------ 64(6, 4)
|	|	|------ 60(6, 5)
|	|	|------ 60(6, 6)
|	|------ 96(4, 6)
|	|	|------ 71(2, 5)
|	|	|------ 62(2, 6)
|	|	|------ 66(3, 5)
|	|	|------ 64(3, 6)
|	|	|------ 66(4, 5)
|	|	|------ 71(5, 4)
|	|	|------ 64(5, 5)
|	|	|------ 64(5, 6)
|	|	|------ 96(6, 1)
|	|	|------ 66(6, 4)
|	|	|------ 62(6, 5)
|	|	|------ 62(6, 6)
|	|------ 87(5, 4)
|	|	|------ 62(2, 5)
|	|	|------ 53(2, 6)
|	|	|------ 57(3, 5)
|	|	|------ 53(3, 6)
|	|	|------ 59(4, 5)
|	|	|------ 53(4, 6)
|	|	|------ 57(5, 5)
|	|	|------ 53(5, 6)
|	|	|------ 87(6, 1)
|	|	|------ 69(6, 4)
|	|	|------ 55(6, 5)
|	|	|------ 53(6, 6)
|	|------ 94(5, 5)
|	|	|------ 69(2, 5)
|	|	|------ 60(2, 6)
|	|	|------ 64(3, 5)
|	|	|------ 60(3, 6)
|	|	|------ 66(4, 5)
|	|	|------ 62(4, 6)
|	|	|------ 73(5, 4)
|	|	|------ 62(5, 6)
|	|	|------ 94(6, 1)
|	|	|------ 66(6, 4)
|	|	|------ 62(6, 5)
|	|	|------ 62(6, 6)
|	|------ 96(5, 6)
|	|	|------ 71(2, 5)
|	|	|------ 62(2, 6)
|	|	|------ 64(3, 5)
|	|	|------ 62(3, 6)
|	|	|------ 66(4, 5)
|	|	|------ 64(4, 6)
|	|	|------ 71(5, 4)
|	|	|------ 64(5, 5)
|	|	|------ 96(6, 1)
|	|	|------ 66(6, 4)
|	|	|------ 64(6, 5)
|	|	|------ 64(6, 6)
|	|------ 35(6, 1)
|	|	|------ 35(2, 5)
|	|	|------ 26(2, 6)
|	|	|------ 28(3, 5)
|	|	|------ 26(3, 6)
|	|	|------ 28(4, 5)
|	|	|------ 26(4, 6)
|	|	|------ 35(5, 4)
|	|	|------ 26(5, 5)
|	|	|------ 26(5, 6)
|	|	|------ 30(6, 4)
|	|	|------ 26(6, 5)
|	|	|------ 26(6, 6)
|	|------ 96(6, 4)
|	|	|------ 71(2, 5)
|	|	|------ 62(2, 6)
|	|	|------ 64(3, 5)
|	|	|------ 62(3, 6)
|	|	|------ 64(4, 5)
|	|	|------ 62(4, 6)
|	|	|------ 83(5, 4)
|	|	|------ 64(5, 5)
|	|	|------ 62(5, 6)
|	|	|------ 96(6, 1)
|	|	|------ 64(6, 5)
|	|	|------ 62(6, 6)
|	|------ 96(6, 5)
|	|	|------ 71(2, 5)
|	|	|------ 62(2, 6)
|	|	|------ 64(3, 5)
|	|	|------ 62(3, 6)
|	|	|------ 64(4, 5)
|	|	|------ 62(4, 6)
|	|	|------ 73(5, 4)
|	|	|------ 64(5, 5)
|	|	|------ 64(5, 6)
|	|	|------ 96(6, 1)
|	|	|------ 68(6, 4)
|	|	|------ 64(6, 6)
|	|------ 96(6, 6)
|	|	|------ 71(2, 5)
|	|	|------ 62(2, 6)
|	|	|------ 64(3, 5)
|	|	|------ 62(3, 6)
|	|	|------ 64(4, 5)
|	|	|------ 62(4, 6)
|	|	|------ 71(5, 4)
|	|	|------ 64(5, 5)
|	|	|------ 64(5, 6)
|	|	|------ 96(6, 1)
|	|	|------ 66(6, 4)
|	|	|------ 64(6, 5)
|------ 59(6, 1)
|	|------ 85(2, 5)
|	|	|------ 81(2, 6)
|	|	|------ 76(3, 5)
|	|	|------ 67(3, 6)
|	|	|------ 67(4, 5)
|	|	|------ 65(4, 6)
|	|	|------ 74(5, 4)
|	|	|------ 65(5, 5)
|	|	|------ 65(5, 6)
|	|	|------ 85(6, 0)
|	|	|------ 69(6, 4)
|	|	|------ 65(6, 5)
|	|	|------ 65(6, 6)
|	|------ 97(2, 6)
|	|	|------ 97(2, 5)
|	|	|------ 76(3, 5)
|	|	|------ 74(3, 6)
|	|	|------ 74(4, 5)
|	|	|------ 72(4, 6)
|	|	|------ 81(5, 4)
|	|	|------ 72(5, 5)
|	|	|------ 72(5, 6)
|	|	|------ 92(6, 0)
|	|	|------ 76(6, 4)
|	|	|------ 72(6, 5)
|	|	|------ 72(6, 6)
|	|------ 92(3, 5)
|	|	|------ 90(2, 5)
|	|	|------ 74(2, 6)
|	|	|------ 74(3, 6)
|	|	|------ 78(4, 5)
|	|	|------ 74(4, 6)
|	|	|------ 83(5, 4)
|	|	|------ 74(5, 5)
|	|	|------ 72(5, 6)
|	|	|------ 92(6, 0)
|	|	|------ 76(6, 4)
|	|	|------ 72(6, 5)
|	|	|------ 72(6, 6)
|	|------ 96(3, 6)
|	|	|------ 87(2, 5)
|	|	|------ 78(2, 6)
|	|	|------ 80(3, 5)
|	|	|------ 80(4, 5)
|	|	|------ 78(4, 6)
|	|	|------ 85(5, 4)
|	|	|------ 76(5, 5)
|	|	|------ 76(5, 6)
|	|	|------ 96(6, 0)
|	|	|------ 80(6, 4)
|	|	|------ 76(6, 5)
|	|	|------ 76(6, 6)
|	|------ 94(4, 5)
|	|	|------ 83(2, 5)
|	|	|------ 74(2, 6)
|	|	|------ 80(3, 5)
|	|	|------ 76(3, 6)
|	|	|------ 76(4, 6)
|	|	|------ 87(5, 4)
|	|	|------ 78(5, 5)
|	|	|------ 76(5, 6)
|	|	|------ 94(6, 0)
|	|	|------ 78(6, 4)
|	|	|------ 74(6, 5)
|	|	|------ 74(6, 6)
|	|------ 96(4, 6)
|	|	|------ 85(2, 5)
|	|	|------ 76(2, 6)
|	|	|------ 80(3, 5)
|	|	|------ 78(3, 6)
|	|	|------ 80(4, 5)
|	|	|------ 85(5, 4)
|	|	|------ 78(5, 5)
|	|	|------ 78(5, 6)
|	|	|------ 96(6, 0)
|	|	|------ 80(6, 4)
|	|	|------ 76(6, 5)
|	|	|------ 76(6, 6)
|	|------ 87(5, 4)
|	|	|------ 76(2, 5)
|	|	|------ 67(2, 6)
|	|	|------ 71(3, 5)
|	|	|------ 67(3, 6)
|	|	|------ 73(4, 5)
|	|	|------ 67(4, 6)
|	|	|------ 71(5, 5)
|	|	|------ 67(5, 6)
|	|	|------ 87(6, 0)
|	|	|------ 83(6, 4)
|	|	|------ 69(6, 5)
|	|	|------ 67(6, 6)
|	|------ 94(5, 5)
|	|	|------ 83(2, 5)
|	|	|------ 74(2, 6)
|	|	|------ 78(3, 5)
|	|	|------ 74(3, 6)
|	|	|------ 80(4, 5)
|	|	|------ 76(4, 6)
|	|	|------ 87(5, 4)
|	|	|------ 76(5, 6)
|	|	|------ 94(6, 0)
|	|	|------ 80(6, 4)
|	|	|------ 76(6, 5)
|	|	|------ 76(6, 6)
|	|------ 96(5, 6)
|	|	|------ 85(2, 5)
|	|	|------ 76(2, 6)
|	|	|------ 78(3, 5)
|	|	|------ 76(3, 6)
|	|	|------ 80(4, 5)
|	|	|------ 78(4, 6)
|	|	|------ 85(5, 4)
|	|	|------ 78(5, 5)
|	|	|------ 96(6, 0)
|	|	|------ 80(6, 4)
|	|	|------ 78(6, 5)
|	|	|------ 78(6, 6)
|	|------ 59(6, 0)
|	|	|------ 59(2, 5)
|	|	|------ 50(2, 6)
|	|	|------ 52(3, 5)
|	|	|------ 50(3, 6)
|	|	|------ 52(4, 5)
|	|	|------ 50(4, 6)
|	|	|------ 59(5, 4)
|	|	|------ 50(5, 5)
|	|	|------ 50(5, 6)
|	|	|------ 54(6, 4)
|	|	|------ 50(6, 5)
|	|	|------ 50(6, 6)
|	|------ 97(6, 4)
|	|	|------ 85(2, 5)
|	|	|------ 76(2, 6)
|	|	|------ 78(3, 5)
|	|	|------ 76(3, 6)
|	|	|------ 78(4, 5)
|	|	|------ 76(4, 6)
|	|	|------ 97(5, 4)
|	|	|------ 78(5, 5)
|	|	|------ 76(5, 6)
|	|	|------ 96(6, 0)
|	|	|------ 78(6, 5)
|	|	|------ 76(6, 6)
|	|------ 96(6, 5)
|	|	|------ 85(2, 5)
|	|	|------ 76(2, 6)
|	|	|------ 78(3, 5)
|	|	|------ 76(3, 6)
|	|	|------ 78(4, 5)
|	|	|------ 76(4, 6)
|	|	|------ 87(5, 4)
|	|	|------ 78(5, 5)
|	|	|------ 78(5, 6)
|	|	|------ 96(6, 0)
|	|	|------ 82(6, 4)
|	|	|------ 78(6, 6)
|	|------ 96(6, 6)
|	|	|------ 85(2, 5)
|	|	|------ 76(2, 6)
|	|	|------ 78(3, 5)
|	|	|------ 76(3, 6)
|	|	|------ 78(4, 5)
|	|	|------ 76(4, 6)
|	|	|------ 85(5, 4)
|	|	|------ 78(5, 5)
|	|	|------ 78(5, 6)
|	|	|------ 96(6, 0)
|	|	|------ 80(6, 4)
|	|	|------ 78(6, 5)
|------ 55(6, 4)
|	|------ 69(2, 5)
|	|	|------ 67(2, 6)
|	|	|------ 62(3, 5)
|	|	|------ 53(3, 6)
|	|	|------ 53(4, 5)
|	|	|------ 51(4, 6)
|	|	|------ 66(5, 4)
|	|	|------ 51(5, 5)
|	|	|------ 51(5, 6)
|	|	|------ 55(6, 0)
|	|	|------ 69(6, 1)
|	|	|------ 51(6, 5)
|	|	|------ 51(6, 6)
|	|------ 83(2, 6)
|	|	|------ 83(2, 5)
|	|	|------ 62(3, 5)
|	|	|------ 60(3, 6)
|	|	|------ 60(4, 5)
|	|	|------ 58(4, 6)
|	|	|------ 73(5, 4)
|	|	|------ 58(5, 5)
|	|	|------ 58(5, 6)
|	|	|------ 62(6, 0)
|	|	|------ 76(6, 1)
|	|	|------ 58(6, 5)
|	|	|------ 58(6, 6)
|	|------ 76(3, 5)
|	|	|------ 76(2, 5)
|	|	|------ 60(2, 6)
|	|	|------ 60(3, 6)
|	|	|------ 64(4, 5)
|	|	|------ 60(4, 6)
|	|	|------ 75(5, 4)
|	|	|------ 60(5, 5)
|	|	|------ 58(5, 6)
|	|	|------ 62(6, 0)
|	|	|------ 76(6, 1)
|	|	|------ 58(6, 5)
|	|	|------ 58(6, 6)
|	|------ 80(3, 6)
|	|	|------ 73(2, 5)
|	|	|------ 64(2, 6)
|	|	|------ 66(3, 5)
|	|	|------ 66(4, 5)
|	|	|------ 64(4, 6)
|	|	|------ 77(5, 4)
|	|	|------ 62(5, 5)
|	|	|------ 62(5, 6)
|	|	|------ 66(6, 0)
|	|	|------ 80(6, 1)
|	|	|------ 62(6, 5)
|	|	|------ 62(6, 6)
|	|------ 79(4, 5)
|	|	|------ 69(2, 5)
|	|	|------ 60(2, 6)
|	|	|------ 66(3, 5)
|	|	|------ 62(3, 6)
|	|	|------ 62(4, 6)
|	|	|------ 79(5, 4)
|	|	|------ 64(5, 5)
|	|	|------ 62(5, 6)
|	|	|------ 64(6, 0)
|	|	|------ 78(6, 1)
|	|	|------ 60(6, 5)
|	|	|------ 60(6, 6)
|	|------ 80(4, 6)
|	|	|------ 71(2, 5)
|	|	|------ 62(2, 6)
|	|	|------ 66(3, 5)
|	|	|------ 64(3, 6)
|	|	|------ 66(4, 5)
|	|	|------ 77(5, 4)
|	|	|------ 64(5, 5)
|	|	|------ 64(5, 6)
|	|	|------ 66(6, 0)
|	|	|------ 80(6, 1)
|	|	|------ 62(6, 5)
|	|	|------ 62(6, 6)
|	|------ 55(5, 4)
|	|	|------ 46(2, 5)
|	|	|------ 37(2, 6)
|	|	|------ 41(3, 5)
|	|	|------ 37(3, 6)
|	|	|------ 43(4, 5)
|	|	|------ 37(4, 6)
|	|	|------ 43(5, 5)
|	|	|------ 37(5, 6)
|	|	|------ 41(6, 0)
|	|	|------ 55(6, 1)
|	|	|------ 41(6, 5)
|	|	|------ 37(6, 6)
|	|------ 79(5, 5)
|	|	|------ 67(2, 5)
|	|	|------ 58(2, 6)
|	|	|------ 62(3, 5)
|	|	|------ 58(3, 6)
|	|	|------ 64(4, 5)
|	|	|------ 60(4, 6)
|	|	|------ 79(5, 4)
|	|	|------ 60(5, 6)
|	|	|------ 62(6, 0)
|	|	|------ 76(6, 1)
|	|	|------ 62(6, 5)
|	|	|------ 60(6, 6)
|	|------ 80(5, 6)
|	|	|------ 71(2, 5)
|	|	|------ 62(2, 6)
|	|	|------ 64(3, 5)
|	|	|------ 62(3, 6)
|	|	|------ 66(4, 5)
|	|	|------ 64(4, 6)
|	|	|------ 77(5, 4)
|	|	|------ 64(5, 5)
|	|	|------ 66(6, 0)
|	|	|------ 80(6, 1)
|	|	|------ 64(6, 5)
|	|	|------ 64(6, 6)
|	|------ 102(6, 0)
|	|	|------ 71(2, 5)
|	|	|------ 62(2, 6)
|	|	|------ 64(3, 5)
|	|	|------ 62(3, 6)
|	|	|------ 64(4, 5)
|	|	|------ 62(4, 6)
|	|	|------ 77(5, 4)
|	|	|------ 62(5, 5)
|	|	|------ 62(5, 6)
|	|	|------ 102(6, 1)
|	|	|------ 62(6, 5)
|	|	|------ 62(6, 6)
|	|------ 78(6, 1)
|	|	|------ 61(2, 5)
|	|	|------ 52(2, 6)
|	|	|------ 54(3, 5)
|	|	|------ 52(3, 6)
|	|	|------ 54(4, 5)
|	|	|------ 52(4, 6)
|	|	|------ 67(5, 4)
|	|	|------ 52(5, 5)
|	|	|------ 52(5, 6)
|	|	|------ 78(6, 0)
|	|	|------ 52(6, 5)
|	|	|------ 52(6, 6)
|	|------ 79(6, 5)
|	|	|------ 69(2, 5)
|	|	|------ 60(2, 6)
|	|	|------ 62(3, 5)
|	|	|------ 60(3, 6)
|	|	|------ 62(4, 5)
|	|	|------ 60(4, 6)
|	|	|------ 79(5, 4)
|	|	|------ 64(5, 5)
|	|	|------ 62(5, 6)
|	|	|------ 64(6, 0)
|	|	|------ 78(6, 1)
|	|	|------ 62(6, 6)
|	|------ 80(6, 6)
|	|	|------ 71(2, 5)
|	|	|------ 62(2, 6)
|	|	|------ 64(3, 5)
|	|	|------ 62(3, 6)
|	|	|------ 64(4, 5)
|	|	|------ 62(4, 6)
|	|	|------ 77(5, 4)
|	|	|------ 64(5, 5)
|	|	|------ 64(5, 6)
|	|	|------ 66(6, 0)
|	|	|------ 80(6, 1)
|	|	|------ 64(6, 5)
|------ 65(6, 5)
|	|------ 65(2, 5)
|	|	|------ 63(2, 6)
|	|	|------ 58(3, 5)
|	|	|------ 49(3, 6)
|	|	|------ 49(4, 5)
|	|	|------ 47(4, 6)
|	|	|------ 56(5, 4)
|	|	|------ 47(5, 5)
|	|	|------ 47(5, 6)
|	|	|------ 51(6, 0)
|	|	|------ 65(6, 1)
|	|	|------ 51(6, 4)
|	|	|------ 47(6, 6)
|	|------ 79(2, 6)
|	|	|------ 79(2, 5)
|	|	|------ 58(3, 5)
|	|	|------ 56(3, 6)
|	|	|------ 56(4, 5)
|	|	|------ 54(4, 6)
|	|	|------ 63(5, 4)
|	|	|------ 54(5, 5)
|	|	|------ 54(5, 6)
|	|	|------ 58(6, 0)
|	|	|------ 72(6, 1)
|	|	|------ 58(6, 4)
|	|	|------ 54(6, 6)
|	|------ 72(3, 5)
|	|	|------ 72(2, 5)
|	|	|------ 56(2, 6)
|	|	|------ 56(3, 6)
|	|	|------ 60(4, 5)
|	|	|------ 56(4, 6)
|	|	|------ 65(5, 4)
|	|	|------ 56(5, 5)
|	|	|------ 54(5, 6)
|	|	|------ 58(6, 0)
|	|	|------ 72(6, 1)
|	|	|------ 58(6, 4)
|	|	|------ 54(6, 6)
|	|------ 76(3, 6)
|	|	|------ 69(2, 5)
|	|	|------ 60(2, 6)
|	|	|------ 62(3, 5)
|	|	|------ 62(4, 5)
|	|	|------ 60(4, 6)
|	|	|------ 67(5, 4)
|	|	|------ 58(5, 5)
|	|	|------ 58(5, 6)
|	|	|------ 62(6, 0)
|	|	|------ 76(6, 1)
|	|	|------ 62(6, 4)
|	|	|------ 58(6, 6)
|	|------ 74(4, 5)
|	|	|------ 65(2, 5)
|	|	|------ 56(2, 6)
|	|	|------ 62(3, 5)
|	|	|------ 58(3, 6)
|	|	|------ 58(4, 6)
|	|	|------ 69(5, 4)
|	|	|------ 60(5, 5)
|	|	|------ 58(5, 6)
|	|	|------ 60(6, 0)
|	|	|------ 74(6, 1)
|	|	|------ 60(6, 4)
|	|	|------ 56(6, 6)
|	|------ 76(4, 6)
|	|	|------ 67(2, 5)
|	|	|------ 58(2, 6)
|	|	|------ 62(3, 5)
|	|	|------ 60(3, 6)
|	|	|------ 62(4, 5)
|	|	|------ 67(5, 4)
|	|	|------ 60(5, 5)
|	|	|------ 60(5, 6)
|	|	|------ 62(6, 0)
|	|	|------ 76(6, 1)
|	|	|------ 62(6, 4)
|	|	|------ 58(6, 6)
|	|------ 65(5, 4)
|	|	|------ 56(2, 5)
|	|	|------ 47(2, 6)
|	|	|------ 51(3, 5)
|	|	|------ 47(3, 6)
|	|	|------ 53(4, 5)
|	|	|------ 47(4, 6)
|	|	|------ 53(5, 5)
|	|	|------ 49(5, 6)
|	|	|------ 51(6, 0)
|	|	|------ 65(6, 1)
|	|	|------ 65(6, 4)
|	|	|------ 49(6, 6)
|	|------ 72(5, 5)
|	|	|------ 63(2, 5)
|	|	|------ 54(2, 6)
|	|	|------ 58(3, 5)
|	|	|------ 54(3, 6)
|	|	|------ 60(4, 5)
|	|	|------ 56(4, 6)
|	|	|------ 69(5, 4)
|	|	|------ 58(5, 6)
|	|	|------ 58(6, 0)
|	|	|------ 72(6, 1)
|	|	|------ 62(6, 4)
|	|	|------ 58(6, 6)
|	|------ 74(5, 6)
|	|	|------ 65(2, 5)
|	|	|------ 56(2, 6)
|	|	|------ 58(3, 5)
|	|	|------ 56(3, 6)
|	|	|------ 60(4, 5)
|	|	|------ 58(4, 6)
|	|	|------ 67(5, 4)
|	|	|------ 60(5, 5)
|	|	|------ 60(6, 0)
|	|	|------ 74(6, 1)
|	|	|------ 62(6, 4)
|	|	|------ 60(6, 6)
|	|------ 98(6, 0)
|	|	|------ 67(2, 5)
|	|	|------ 58(2, 6)
|	|	|------ 60(3, 5)
|	|	|------ 58(3, 6)
|	|	|------ 60(4, 5)
|	|	|------ 58(4, 6)
|	|	|------ 67(5, 4)
|	|	|------ 58(5, 5)
|	|	|------ 58(5, 6)
|	|	|------ 98(6, 1)
|	|	|------ 62(6, 4)
|	|	|------ 58(6, 6)
|	|------ 74(6, 1)
|	|	|------ 57(2, 5)
|	|	|------ 48(2, 6)
|	|	|------ 50(3, 5)
|	|	|------ 48(3, 6)
|	|	|------ 50(4, 5)
|	|	|------ 48(4, 6)
|	|	|------ 57(5, 4)
|	|	|------ 48(5, 5)
|	|	|------ 48(5, 6)
|	|	|------ 74(6, 0)
|	|	|------ 52(6, 4)
|	|	|------ 48(6, 6)
|	|------ 79(6, 4)
|	|	|------ 65(2, 5)
|	|	|------ 56(2, 6)
|	|	|------ 58(3, 5)
|	|	|------ 56(3, 6)
|	|	|------ 58(4, 5)
|	|	|------ 56(4, 6)
|	|	|------ 79(5, 4)
|	|	|------ 60(5, 5)
|	|	|------ 58(5, 6)
|	|	|------ 60(6, 0)
|	|	|------ 74(6, 1)
|	|	|------ 58(6, 6)
|	|------ 74(6, 6)
|	|	|------ 65(2, 5)
|	|	|------ 56(2, 6)
|	|	|------ 58(3, 5)
|	|	|------ 56(3, 6)
|	|	|------ 58(4, 5)
|	|	|------ 56(4, 6)
|	|	|------ 67(5, 4)
|	|	|------ 60(5, 5)
|	|	|------ 60(5, 6)
|	|	|------ 60(6, 0)
|	|	|------ 74(6, 1)
|	|	|------ 62(6, 4)
|------ 65(6, 6)
|	|------ 65(2, 5)
|	|	|------ 63(2, 6)
|	|	|------ 58(3, 5)
|	|	|------ 49(3, 6)
|	|	|------ 49(4, 5)
|	|	|------ 47(4, 6)
|	|	|------ 56(5, 4)
|	|	|------ 47(5, 5)
|	|	|------ 47(5, 6)
|	|	|------ 51(6, 0)
|	|	|------ 65(6, 1)
|	|	|------ 51(6, 4)
|	|	|------ 47(6, 5)
|	|------ 79(2, 6)
|	|	|------ 79(2, 5)
|	|	|------ 58(3, 5)
|	|	|------ 56(3, 6)
|	|	|------ 56(4, 5)
|	|	|------ 54(4, 6)
|	|	|------ 63(5, 4)
|	|	|------ 54(5, 5)
|	|	|------ 54(5, 6)
|	|	|------ 58(6, 0)
|	|	|------ 72(6, 1)
|	|	|------ 58(6, 4)
|	|	|------ 54(6, 5)
|	|------ 72(3, 5)
|	|	|------ 72(2, 5)
|	|	|------ 56(2, 6)
|	|	|------ 56(3, 6)
|	|	|------ 60(4, 5)
|	|	|------ 56(4, 6)
|	|	|------ 65(5, 4)
|	|	|------ 56(5, 5)
|	|	|------ 54(5, 6)
|	|	|------ 58(6, 0)
|	|	|------ 72(6, 1)
|	|	|------ 58(6, 4)
|	|	|------ 54(6, 5)
|	|------ 76(3, 6)
|	|	|------ 69(2, 5)
|	|	|------ 60(2, 6)
|	|	|------ 62(3, 5)
|	|	|------ 62(4, 5)
|	|	|------ 60(4, 6)
|	|	|------ 67(5, 4)
|	|	|------ 58(5, 5)
|	|	|------ 58(5, 6)
|	|	|------ 62(6, 0)
|	|	|------ 76(6, 1)
|	|	|------ 62(6, 4)
|	|	|------ 58(6, 5)
|	|------ 74(4, 5)
|	|	|------ 65(2, 5)
|	|	|------ 56(2, 6)
|	|	|------ 62(3, 5)
|	|	|------ 58(3, 6)
|	|	|------ 58(4, 6)
|	|	|------ 69(5, 4)
|	|	|------ 60(5, 5)
|	|	|------ 58(5, 6)
|	|	|------ 60(6, 0)
|	|	|------ 74(6, 1)
|	|	|------ 60(6, 4)
|	|	|------ 56(6, 5)
|	|------ 76(4, 6)
|	|	|------ 67(2, 5)
|	|	|------ 58(2, 6)
|	|	|------ 62(3, 5)
|	|	|------ 60(3, 6)
|	|	|------ 62(4, 5)
|	|	|------ 67(5, 4)
|	|	|------ 60(5, 5)
|	|	|------ 60(5, 6)
|	|	|------ 62(6, 0)
|	|	|------ 76(6, 1)
|	|	|------ 62(6, 4)
|	|	|------ 58(6, 5)
|	|------ 67(5, 4)
|	|	|------ 58(2, 5)
|	|	|------ 49(2, 6)
|	|	|------ 53(3, 5)
|	|	|------ 49(3, 6)
|	|	|------ 55(4, 5)
|	|	|------ 49(4, 6)
|	|	|------ 53(5, 5)
|	|	|------ 49(5, 6)
|	|	|------ 53(6, 0)
|	|	|------ 67(6, 1)
|	|	|------ 65(6, 4)
|	|	|------ 51(6, 5)
|	|------ 72(5, 5)
|	|	|------ 63(2, 5)
|	|	|------ 54(2, 6)
|	|	|------ 58(3, 5)
|	|	|------ 54(3, 6)
|	|	|------ 60(4, 5)
|	|	|------ 56(4, 6)
|	|	|------ 67(5, 4)
|	|	|------ 58(5, 6)
|	|	|------ 58(6, 0)
|	|	|------ 72(6, 1)
|	|	|------ 60(6, 4)
|	|	|------ 58(6, 5)
|	|------ 74(5, 6)
|	|	|------ 65(2, 5)
|	|	|------ 56(2, 6)
|	|	|------ 58(3, 5)
|	|	|------ 56(3, 6)
|	|	|------ 60(4, 5)
|	|	|------ 58(4, 6)
|	|	|------ 65(5, 4)
|	|	|------ 60(5, 5)
|	|	|------ 60(6, 0)
|	|	|------ 74(6, 1)
|	|	|------ 60(6, 4)
|	|	|------ 60(6, 5)
|	|------ 98(6, 0)
|	|	|------ 67(2, 5)
|	|	|------ 58(2, 6)
|	|	|------ 60(3, 5)
|	|	|------ 58(3, 6)
|	|	|------ 60(4, 5)
|	|	|------ 58(4, 6)
|	|	|------ 67(5, 4)
|	|	|------ 58(5, 5)
|	|	|------ 58(5, 6)
|	|	|------ 98(6, 1)
|	|	|------ 62(6, 4)
|	|	|------ 58(6, 5)
|	|------ 74(6, 1)
|	|	|------ 57(2, 5)
|	|	|------ 48(2, 6)
|	|	|------ 50(3, 5)
|	|	|------ 48(3, 6)
|	|	|------ 50(4, 5)
|	|	|------ 48(4, 6)
|	|	|------ 57(5, 4)
|	|	|------ 48(5, 5)
|	|	|------ 48(5, 6)
|	|	|------ 74(6, 0)
|	|	|------ 52(6, 4)
|	|	|------ 48(6, 5)
|	|------ 79(6, 4)
|	|	|------ 67(2, 5)
|	|	|------ 58(2, 6)
|	|	|------ 60(3, 5)
|	|	|------ 58(3, 6)
|	|	|------ 60(4, 5)
|	|	|------ 58(4, 6)
|	|	|------ 79(5, 4)
|	|	|------ 60(5, 5)
|	|	|------ 58(5, 6)
|	|	|------ 62(6, 0)
|	|	|------ 76(6, 1)
|	|	|------ 60(6, 5)
|	|------ 74(6, 5)
|	|	|------ 65(2, 5)
|	|	|------ 56(2, 6)
|	|	|------ 58(3, 5)
|	|	|------ 56(3, 6)
|	|	|------ 58(4, 5)
|	|	|------ 56(4, 6)
|	|	|------ 67(5, 4)
|	|	|------ 60(5, 5)
|	|	|------ 60(5, 6)
|	|	|------ 60(6, 0)
|	|	|------ 74(6, 1)
|	|	|------ 62(6, 4)
|